740|[ 192, 1491 ]|[ [ [ 1, 1, 1, 1, 1, 1, 1, 1, 1, 1, 1, 1, 1, 1, 1, 1 ], 1 ], [ [ 1, 1, 1, 1, 1, 1, 1, 1, 2, 2, 2, 2 ], 6 ], [ [ 1, 1, 1, 1, 3, 3, 3, 3 ], 32 ], [ [ 2, 2, 2, 2, 2, 2, 2, 2 ], 1 ], [ [ 2, 2, 6, 6 ], 32 ], [ [ 4, 4, 4, 4 ], 12 ], [ [ 2, 2, 2, 2, 4, 4 ], 24 ], [ [ 4, 4, 4, 4 ], 12 ], [ [ 2, 2, 2, 2, 2, 2, 2, 2 ], 6 ], [ [ 2, 2, 2, 2, 2, 2, 2, 2 ], 6 ], [ [ 4, 4, 4, 4 ], 12 ], [ [ 4, 4, 4, 4 ], 24 ], [ [ 4, 4, 4, 4 ], 24 ] ]
740|[ 192, 202 ]|[ [ [ 1, 1, 1, 1, 1, 1, 1, 1, 1, 1, 1, 1, 1, 1, 1, 1 ], 1 ], [ [ 1, 1, 1, 1, 1, 1, 1, 1, 2, 2, 2, 2 ], 6 ], [ [ 1, 1, 1, 1, 3, 3, 3, 3 ], 16 ], [ [ 1, 1, 1, 1, 3, 3, 3, 3 ], 16 ], [ [ 2, 2, 2, 2, 2, 2, 2, 2 ], 1 ], [ [ 2, 2, 6, 6 ], 16 ], [ [ 2, 2, 6, 6 ], 16 ], [ [ 4, 4, 4, 4 ], 4 ], [ [ 4, 4, 4, 4 ], 4 ], [ [ 4, 12 ], 16 ], [ [ 4, 12 ], 16 ], [ [ 4, 12 ], 16 ], [ [ 4, 12 ], 16 ], [ [ 2, 2, 2, 2, 2, 2, 2, 2 ], 12 ], [ [ 4, 4, 4, 4 ], 12 ], [ [ 2, 2, 2, 2, 4, 4 ], 24 ] ]
740|[ 192, 1494 ]|[ [ [ 1, 1, 1, 1, 1, 1, 1, 1, 1, 1, 1, 1, 1, 1, 1, 1 ], 1 ], [ [ 1, 1, 1, 1, 1, 1, 1, 1, 2, 2, 2, 2 ], 6 ], [ [ 1, 1, 1, 1, 1, 1, 1, 1, 4, 4 ], 12 ], [ [ 1, 1, 1, 1, 2, 2, 2, 2, 2, 2 ], 24 ], [ [ 1, 1, 1, 1, 3, 3, 3, 3 ], 32 ], [ [ 2, 2, 2, 2, 2, 2, 2, 2 ], 1 ], [ [ 2, 2, 2, 2, 4, 4 ], 12 ], [ [ 2, 2, 6, 6 ], 32 ], [ [ 2, 2, 2, 2, 2, 2, 2, 2 ], 12 ], [ [ 4, 4, 4, 4 ], 6 ], [ [ 4, 4, 4, 4 ], 6 ], [ [ 8, 8 ], 24 ], [ [ 8, 8 ], 24 ] ]
749|[ 192, 1492 ]|[ [ [ 1, 1, 1, 1, 1, 1, 1, 1, 1, 1, 1, 1, 1, 1, 1, 1 ], 1 ], [ [ 1, 1, 1, 1, 1, 1, 1, 1, 2, 2, 2, 2 ], 6 ], [ [ 1, 1, 1, 1, 3, 3, 3, 3 ], 32 ], [ [ 2, 2, 2, 2, 2, 2, 2, 2 ], 1 ], [ [ 2, 2, 6, 6 ], 32 ], [ [ 2, 2, 2, 2, 4, 4 ], 12 ], [ [ 4, 4, 4, 4 ], 24 ], [ [ 2, 2, 2, 2, 4, 4 ], 12 ], [ [ 2, 2, 2, 2, 2, 2, 2, 2 ], 12 ], [ [ 4, 4, 4, 4 ], 6 ], [ [ 4, 4, 4, 4 ], 6 ], [ [ 8, 8 ], 24 ], [ [ 8, 8 ], 24 ] ]
749|[ 192, 1493 ]|[ [ [ 1, 1, 1, 1, 1, 1, 1, 1, 1, 1, 1, 1, 1, 1, 1, 1 ], 1 ], [ [ 1, 1, 1, 1, 1, 1, 1, 1, 2, 2, 2, 2 ], 6 ], [ [ 1, 1, 1, 1, 1, 1, 1, 1, 2, 2, 2, 2 ], 12 ], [ [ 1, 1, 1, 1, 2, 2, 4, 4 ], 24 ], [ [ 1, 1, 1, 1, 3, 3, 3, 3 ], 32 ], [ [ 2, 2, 2, 2, 2, 2, 2, 2 ], 1 ], [ [ 2, 2, 2, 2, 2, 2, 2, 2 ], 12 ], [ [ 2, 2, 6, 6 ], 32 ], [ [ 2, 2, 2, 2, 2, 2, 2, 2 ], 6 ], [ [ 2, 2, 2, 2, 2, 2, 2, 2 ], 6 ], [ [ 4, 4, 4, 4 ], 12 ], [ [ 4, 4, 4, 4 ], 24 ], [ [ 4, 4, 4, 4 ], 24 ] ]
749|[ 192, 202 ]|[ [ [ 1, 1, 1, 1, 1, 1, 1, 1, 1, 1, 1, 1, 1, 1, 1, 1 ], 1 ], [ [ 1, 1, 1, 1, 1, 1, 1, 1, 2, 2, 2, 2 ], 6 ], [ [ 1, 1, 1, 1, 3, 3, 3, 3 ], 16 ], [ [ 1, 1, 1, 1, 3, 3, 3, 3 ], 16 ], [ [ 2, 2, 2, 2, 2, 2, 2, 2 ], 1 ], [ [ 2, 2, 6, 6 ], 16 ], [ [ 2, 2, 6, 6 ], 16 ], [ [ 4, 4, 4, 4 ], 4 ], [ [ 4, 4, 4, 4 ], 4 ], [ [ 4, 12 ], 16 ], [ [ 4, 12 ], 16 ], [ [ 4, 12 ], 16 ], [ [ 4, 12 ], 16 ], [ [ 2, 2, 2, 2, 2, 2, 2, 2 ], 12 ], [ [ 4, 4, 4, 4 ], 12 ], [ [ 2, 2, 2, 2, 4, 4 ], 24 ] ]
759|[ 192, 1492 ]|[ [ [ 1, 1, 1, 1, 1, 1, 1, 1, 1, 1, 1, 1, 1, 1, 1, 1 ], 1 ], [ [ 1, 1, 1, 1, 2, 2, 2, 2, 2, 2 ], 12 ], [ [ 1, 1, 1, 1, 3, 3, 3, 3 ], 32 ], [ [ 2, 2, 2, 2, 2, 2, 2, 2 ], 1 ], [ [ 2, 2, 6, 6 ], 32 ], [ [ 2, 2, 2, 2, 2, 2, 2, 2 ], 6 ], [ [ 4, 4, 4, 4 ], 6 ], [ [ 4, 4, 4, 4 ], 6 ], [ [ 8, 8 ], 24 ], [ [ 4, 4, 4, 4 ], 12 ], [ [ 8, 8 ], 24 ], [ [ 4, 4, 4, 4 ], 24 ], [ [ 4, 4, 4, 4 ], 12 ] ]
759|[ 192, 1493 ]|[ [ [ 1, 1, 1, 1, 1, 1, 1, 1, 1, 1, 1, 1, 1, 1, 1, 1 ], 1 ], [ [ 1, 1, 1, 1, 2, 2, 2, 2, 2, 2 ], 6 ], [ [ 1, 1, 1, 1, 1, 1, 1, 1, 2, 2, 2, 2 ], 12 ], [ [ 1, 1, 2, 4, 4, 4 ], 24 ], [ [ 1, 1, 1, 1, 3, 3, 3, 3 ], 32 ], [ [ 2, 2, 2, 2, 2, 2, 2, 2 ], 1 ], [ [ 2, 2, 2, 2, 2, 2, 2, 2 ], 12 ], [ [ 2, 2, 6, 6 ], 32 ], [ [ 1, 1, 1, 1, 2, 2, 2, 2, 2, 2 ], 6 ], [ [ 2, 2, 2, 2, 2, 2, 2, 2 ], 6 ], [ [ 4, 4, 4, 4 ], 12 ], [ [ 1, 1, 2, 4, 4, 4 ], 24 ], [ [ 4, 4, 4, 4 ], 24 ] ]
759|[ 192, 202 ]|[ [ [ 1, 1, 1, 1, 1, 1, 1, 1, 1, 1, 1, 1, 1, 1, 1, 1 ], 1 ], [ [ 1, 1, 1, 1, 2, 2, 2, 2, 2, 2 ], 12 ], [ [ 1, 1, 1, 1, 3, 3, 3, 3 ], 16 ], [ [ 1, 1, 1, 1, 3, 3, 3, 3 ], 16 ], [ [ 2, 2, 2, 2, 2, 2, 2, 2 ], 1 ], [ [ 2, 2, 6, 6 ], 16 ], [ [ 2, 2, 6, 6 ], 16 ], [ [ 2, 2, 2, 2, 2, 2, 2, 2 ], 6 ], [ [ 4, 4, 4, 4 ], 12 ], [ [ 4, 12 ], 16 ], [ [ 4, 12 ], 16 ], [ [ 4, 12 ], 16 ], [ [ 4, 12 ], 16 ], [ [ 4, 4, 4, 4 ], 24 ], [ [ 4, 4, 4, 4 ], 4 ], [ [ 4, 4, 4, 4 ], 4 ] ]
40|[ 16, 12 ]|[ [ [ 1, 1, 1, 1, 1, 1, 1, 1, 1, 1, 1, 1, 1, 1, 1, 1 ], 1 ], [ [ 1, 1, 1, 1, 1, 1, 1, 1, 2, 2, 2, 2 ], 1 ], [ [ 1, 1, 1, 1, 1, 1, 1, 1, 2, 2, 2, 2 ], 1 ], [ [ 2, 2, 2, 2, 2, 2, 2, 2 ], 1 ], [ [ 4, 4, 4, 4 ], 2 ], [ [ 4, 4, 4, 4 ], 2 ], [ [ 4, 4, 4, 4 ], 2 ], [ [ 4, 4, 4, 4 ], 2 ], [ [ 4, 4, 4, 4 ], 2 ], [ [ 4, 4, 4, 4 ], 2 ] ]
40|[ 16, 6 ]|[ [ [ 1, 1, 1, 1, 1, 1, 1, 1, 1, 1, 1, 1, 1, 1, 1, 1 ], 1 ], [ [ 1, 1, 1, 1, 1, 1, 1, 1, 2, 2, 2, 2 ], 2 ], [ [ 2, 2, 2, 2, 2, 2, 2, 2 ], 1 ], [ [ 4, 4, 4, 4 ], 2 ], [ [ 4, 4, 4, 4 ], 1 ], [ [ 4, 4, 4, 4 ], 1 ], [ [ 8, 8 ], 2 ], [ [ 8, 8 ], 2 ], [ [ 8, 8 ], 2 ], [ [ 8, 8 ], 2 ] ]
40|[ 16, 6 ]|[ [ [ 1, 1, 1, 1, 1, 1, 1, 1, 1, 1, 1, 1, 1, 1, 1, 1 ], 1 ], [ [ 1, 1, 1, 1, 1, 1, 1, 1, 2, 2, 2, 2 ], 2 ], [ [ 2, 2, 2, 2, 2, 2, 2, 2 ], 1 ], [ [ 4, 4, 4, 4 ], 1 ], [ [ 4, 4, 4, 4 ], 2 ], [ [ 4, 4, 4, 4 ], 1 ], [ [ 8, 8 ], 2 ], [ [ 8, 8 ], 2 ], [ [ 8, 8 ], 2 ], [ [ 8, 8 ], 2 ] ]
140|[ 32, 7 ]|[ [ [ 1, 1, 1, 1, 1, 1, 1, 1, 1, 1, 1, 1, 1, 1, 1, 1 ], 1 ], [ [ 1, 1, 1, 1, 1, 1, 1, 1, 2, 2, 2, 2 ], 4 ], [ [ 1, 1, 1, 1, 1, 1, 1, 1, 2, 2, 2, 2 ], 2 ], [ [ 2, 2, 2, 2, 2, 2, 2, 2 ], 1 ], [ [ 8, 8 ], 4 ], [ [ 8, 8 ], 4 ], [ [ 2, 2, 2, 2, 2, 2, 2, 2 ], 4 ], [ [ 4, 4, 4, 4 ], 2 ], [ [ 4, 4, 4, 4 ], 2 ], [ [ 8, 8 ], 4 ], [ [ 8, 8 ], 4 ] ]
140|[ 32, 6 ]|[ [ [ 1, 1, 1, 1, 1, 1, 1, 1, 1, 1, 1, 1, 1, 1, 1, 1 ], 1 ], [ [ 1, 1, 1, 1, 1, 1, 1, 1, 2, 2, 2, 2 ], 4 ], [ [ 1, 1, 1, 1, 1, 1, 1, 1, 2, 2, 2, 2 ], 2 ], [ [ 2, 2, 2, 2, 2, 2, 2, 2 ], 1 ], [ [ 4, 4, 4, 4 ], 4 ], [ [ 4, 4, 4, 4 ], 4 ], [ [ 2, 2, 2, 2, 2, 2, 2, 2 ], 2 ], [ [ 4, 4, 4, 4 ], 4 ], [ [ 2, 2, 2, 2, 2, 2, 2, 2 ], 2 ], [ [ 4, 4, 4, 4 ], 4 ], [ [ 4, 4, 4, 4 ], 4 ] ]
140|[ 32, 30 ]|[ [ [ 1, 1, 1, 1, 1, 1, 1, 1, 1, 1, 1, 1, 1, 1, 1, 1 ], 1 ], [ [ 1, 1, 1, 1, 1, 1, 1, 1, 2, 2, 2, 2 ], 2 ], [ [ 1, 1, 1, 1, 1, 1, 1, 1, 2, 2, 2, 2 ], 1 ], [ [ 1, 1, 1, 1, 1, 1, 1, 1, 2, 2, 2, 2 ], 2 ], [ [ 1, 1, 1, 1, 1, 1, 1, 1, 2, 2, 2, 2 ], 1 ], [ [ 2, 2, 2, 2, 2, 2, 2, 2 ], 1 ], [ [ 4, 4, 4, 4 ], 2 ], [ [ 4, 4, 4, 4 ], 2 ], [ [ 4, 4, 4, 4 ], 2 ], [ [ 4, 4, 4, 4 ], 2 ], [ [ 2, 2, 2, 2, 2, 2, 2, 2 ], 4 ], [ [ 4, 4, 4, 4 ], 4 ], [ [ 2, 2, 2, 2, 4, 4 ], 4 ], [ [ 2, 2, 2, 2, 4, 4 ], 4 ] ]
148|[ 32, 7 ]|[ [ [ 1, 1, 1, 1, 1, 1, 1, 1, 1, 1, 1, 1, 1, 1, 1, 1 ], 1 ], [ [ 1, 1, 1, 1, 2, 2, 2, 2, 2, 2 ], 4 ], [ [ 2, 2, 2, 2, 2, 2, 2, 2 ], 1 ], [ [ 2, 2, 2, 2, 2, 2, 2, 2 ], 4 ], [ [ 4, 4, 4, 4 ], 2 ], [ [ 2, 2, 2, 2, 2, 2, 2, 2 ], 2 ], [ [ 8, 8 ], 4 ], [ [ 8, 8 ], 4 ], [ [ 8, 8 ], 4 ], [ [ 8, 8 ], 4 ], [ [ 4, 4, 4, 4 ], 2 ] ]
148|[ 32, 30 ]|[ [ [ 1, 1, 1, 1, 1, 1, 1, 1, 1, 1, 1, 1, 1, 1, 1, 1 ], 1 ], [ [ 1, 1, 1, 1, 2, 2, 2, 2, 2, 2 ], 4 ], [ [ 2, 2, 2, 2, 2, 2, 2, 2 ], 1 ], [ [ 2, 2, 2, 2, 2, 2, 2, 2 ], 2 ], [ [ 4, 4, 4, 4 ], 4 ], [ [ 2, 2, 2, 2, 2, 2, 2, 2 ], 1 ], [ [ 2, 2, 2, 2, 2, 2, 2, 2 ], 1 ], [ [ 4, 4, 4, 4 ], 4 ], [ [ 4, 4, 4, 4 ], 2 ], [ [ 4, 4, 4, 4 ], 2 ], [ [ 4, 4, 4, 4 ], 2 ], [ [ 4, 4, 4, 4 ], 4 ], [ [ 4, 4, 4, 4 ], 2 ], [ [ 2, 2, 2, 2, 2, 2, 2, 2 ], 2 ] ]
148|[ 32, 6 ]|[ [ [ 1, 1, 1, 1, 1, 1, 1, 1, 1, 1, 1, 1, 1, 1, 1, 1 ], 1 ], [ [ 1, 1, 1, 1, 2, 2, 2, 2, 2, 2 ], 2 ], [ [ 1, 1, 2, 4, 4, 4 ], 4 ], [ [ 1, 1, 2, 4, 4, 4 ], 4 ], [ [ 2, 2, 2, 2, 2, 2, 2, 2 ], 1 ], [ [ 2, 2, 2, 2, 2, 2, 2, 2 ], 4 ], [ [ 4, 4, 4, 4 ], 4 ], [ [ 1, 1, 2, 4, 4, 4 ], 4 ], [ [ 1, 1, 2, 4, 4, 4 ], 4 ], [ [ 1, 1, 1, 1, 2, 2, 2, 2, 2, 2 ], 2 ], [ [ 2, 2, 2, 2, 2, 2, 2, 2 ], 2 ] ]
153|[ 32, 7 ]|[ [ [ 1, 1, 1, 1, 1, 1, 1, 1, 1, 1, 1, 1, 1, 1, 1, 1 ], 1 ], [ [ 1, 1, 1, 1, 1, 1, 1, 1, 2, 2, 2, 2 ], 2 ], [ [ 2, 2, 2, 2, 2, 2, 2, 2 ], 1 ], [ [ 4, 4, 4, 4 ], 2 ], [ [ 4, 4, 4, 4 ], 2 ], [ [ 2, 2, 2, 2, 2, 2, 2, 2 ], 4 ], [ [ 2, 2, 2, 2, 2, 2, 2, 2 ], 4 ], [ [ 8, 8 ], 4 ], [ [ 8, 8 ], 4 ], [ [ 8, 8 ], 4 ], [ [ 8, 8 ], 4 ] ]
153|[ 32, 6 ]|[ [ [ 1, 1, 1, 1, 1, 1, 1, 1, 1, 1, 1, 1, 1, 1, 1, 1 ], 1 ], [ [ 1, 1, 1, 1, 1, 1, 1, 1, 2, 2, 2, 2 ], 2 ], [ [ 2, 2, 2, 2, 2, 2, 2, 2 ], 1 ], [ [ 4, 4, 4, 4 ], 4 ], [ [ 2, 2, 2, 2, 2, 2, 2, 2 ], 4 ], [ [ 2, 2, 2, 2, 2, 2, 2, 2 ], 2 ], [ [ 2, 2, 2, 2, 2, 2, 2, 2 ], 2 ], [ [ 4, 4, 4, 4 ], 4 ], [ [ 4, 4, 4, 4 ], 4 ], [ [ 4, 4, 4, 4 ], 4 ], [ [ 4, 4, 4, 4 ], 4 ] ]
153|[ 32, 30 ]|[ [ [ 1, 1, 1, 1, 1, 1, 1, 1, 1, 1, 1, 1, 1, 1, 1, 1 ], 1 ], [ [ 1, 1, 1, 1, 1, 1, 1, 1, 2, 2, 2, 2 ], 1 ], [ [ 1, 1, 1, 1, 2, 2, 4, 4 ], 4 ], [ [ 1, 1, 1, 1, 1, 1, 1, 1, 2, 2, 2, 2 ], 1 ], [ [ 2, 2, 2, 2, 2, 2, 2, 2 ], 1 ], [ [ 4, 4, 4, 4 ], 2 ], [ [ 4, 4, 4, 4 ], 4 ], [ [ 4, 4, 4, 4 ], 2 ], [ [ 2, 2, 2, 2, 2, 2, 2, 2 ], 2 ], [ [ 2, 2, 2, 2, 2, 2, 2, 2 ], 2 ], [ [ 1, 1, 1, 1, 2, 2, 4, 4 ], 4 ], [ [ 4, 4, 4, 4 ], 2 ], [ [ 4, 4, 4, 4 ], 2 ], [ [ 2, 2, 2, 2, 2, 2, 2, 2 ], 4 ] ]
160|[ 32, 7 ]|[ [ [ 1, 1, 1, 1, 1, 1, 1, 1, 1, 1, 1, 1, 1, 1, 1, 1 ], 1 ], [ [ 1, 1, 1, 1, 1, 1, 1, 1, 2, 2, 2, 2 ], 4 ], [ [ 1, 1, 1, 1, 1, 1, 1, 1, 2, 2, 2, 2 ], 2 ], [ [ 2, 2, 2, 2, 2, 2, 2, 2 ], 1 ], [ [ 8, 8 ], 4 ], [ [ 8, 8 ], 4 ], [ [ 2, 2, 2, 2, 2, 2, 2, 2 ], 4 ], [ [ 4, 4, 4, 4 ], 2 ], [ [ 4, 4, 4, 4 ], 2 ], [ [ 8, 8 ], 4 ], [ [ 8, 8 ], 4 ] ]
160|[ 32, 30 ]|[ [ [ 1, 1, 1, 1, 1, 1, 1, 1, 1, 1, 1, 1, 1, 1, 1, 1 ], 1 ], [ [ 1, 1, 1, 1, 1, 1, 1, 1, 2, 2, 2, 2 ], 4 ], [ [ 1, 1, 1, 1, 1, 1, 1, 1, 2, 2, 2, 2 ], 1 ], [ [ 1, 1, 1, 1, 1, 1, 1, 1, 2, 2, 2, 2 ], 1 ], [ [ 2, 2, 2, 2, 2, 2, 2, 2 ], 1 ], [ [ 2, 2, 2, 2, 4, 4 ], 4 ], [ [ 4, 4, 4, 4 ], 2 ], [ [ 4, 4, 4, 4 ], 2 ], [ [ 2, 2, 2, 2, 2, 2, 2, 2 ], 2 ], [ [ 4, 4, 4, 4 ], 4 ], [ [ 2, 2, 2, 2, 2, 2, 2, 2 ], 2 ], [ [ 2, 2, 2, 2, 4, 4 ], 4 ], [ [ 4, 4, 4, 4 ], 2 ], [ [ 4, 4, 4, 4 ], 2 ] ]
160|[ 32, 6 ]|[ [ [ 1, 1, 1, 1, 1, 1, 1, 1, 1, 1, 1, 1, 1, 1, 1, 1 ], 1 ], [ [ 1, 1, 1, 1, 1, 1, 1, 1, 2, 2, 2, 2 ], 2 ], [ [ 1, 1, 1, 1, 1, 1, 1, 1, 2, 2, 2, 2 ], 2 ], [ [ 1, 1, 1, 1, 1, 1, 1, 1, 2, 2, 2, 2 ], 2 ], [ [ 2, 2, 2, 2, 2, 2, 2, 2 ], 1 ], [ [ 2, 2, 2, 2, 4, 4 ], 4 ], [ [ 2, 2, 2, 2, 4, 4 ], 4 ], [ [ 2, 2, 2, 2, 2, 2, 2, 2 ], 4 ], [ [ 4, 4, 4, 4 ], 4 ], [ [ 2, 2, 2, 2, 4, 4 ], 4 ], [ [ 2, 2, 2, 2, 4, 4 ], 4 ] ]
154|[ 32, 6 ]|[ [ [ 1, 1, 1, 1, 1, 1, 1, 1, 1, 1, 1, 1, 1, 1, 1, 1 ], 1 ], [ [ 1, 1, 1, 1, 1, 1, 1, 1, 2, 2, 2, 2 ], 2 ], [ [ 2, 2, 2, 2, 2, 2, 2, 2 ], 1 ], [ [ 2, 2, 2, 2, 2, 2, 2, 2 ], 2 ], [ [ 2, 2, 2, 2, 2, 2, 2, 2 ], 2 ], [ [ 4, 4, 4, 4 ], 4 ], [ [ 2, 2, 2, 2, 2, 2, 2, 2 ], 4 ], [ [ 4, 4, 4, 4 ], 4 ], [ [ 4, 4, 4, 4 ], 4 ], [ [ 4, 4, 4, 4 ], 4 ], [ [ 4, 4, 4, 4 ], 4 ] ]
154|[ 32, 31 ]|[ [ [ 1, 1, 1, 1, 1, 1, 1, 1, 1, 1, 1, 1, 1, 1, 1, 1 ], 1 ], [ [ 1, 1, 1, 1, 1, 1, 1, 1, 2, 2, 2, 2 ], 1 ], [ [ 1, 1, 1, 1, 2, 2, 4, 4 ], 2 ], [ [ 1, 1, 1, 1, 2, 2, 4, 4 ], 2 ], [ [ 1, 1, 1, 1, 1, 1, 1, 1, 2, 2, 2, 2 ], 1 ], [ [ 2, 2, 2, 2, 2, 2, 2, 2 ], 1 ], [ [ 2, 2, 2, 2, 2, 2, 2, 2 ], 4 ], [ [ 4, 4, 4, 4 ], 4 ], [ [ 1, 1, 1, 1, 2, 2, 4, 4 ], 2 ], [ [ 4, 4, 4, 4 ], 2 ], [ [ 4, 4, 4, 4 ], 2 ], [ [ 1, 1, 1, 1, 2, 2, 4, 4 ], 2 ], [ [ 4, 4, 4, 4 ], 4 ], [ [ 2, 2, 2, 2, 2, 2, 2, 2 ], 4 ] ]
154|[ 32, 6 ]|[ [ [ 1, 1, 1, 1, 1, 1, 1, 1, 1, 1, 1, 1, 1, 1, 1, 1 ], 1 ], [ [ 1, 1, 1, 1, 1, 1, 1, 1, 2, 2, 2, 2 ], 2 ], [ [ 2, 2, 2, 2, 2, 2, 2, 2 ], 1 ], [ [ 2, 2, 2, 2, 2, 2, 2, 2 ], 4 ], [ [ 4, 4, 4, 4 ], 4 ], [ [ 2, 2, 2, 2, 2, 2, 2, 2 ], 2 ], [ [ 2, 2, 2, 2, 2, 2, 2, 2 ], 2 ], [ [ 4, 4, 4, 4 ], 4 ], [ [ 4, 4, 4, 4 ], 4 ], [ [ 4, 4, 4, 4 ], 4 ], [ [ 4, 4, 4, 4 ], 4 ] ]
174|[ 32, 31 ]|[ [ [ 1, 1, 1, 1, 1, 1, 1, 1, 1, 1, 1, 1, 1, 1, 1, 1 ], 1 ], [ [ 1, 1, 1, 1, 1, 1, 1, 1, 2, 2, 2, 2 ], 4 ], [ [ 1, 1, 1, 1, 1, 1, 1, 1, 2, 2, 2, 2 ], 1 ], [ [ 1, 1, 1, 1, 1, 1, 1, 1, 2, 2, 2, 2 ], 1 ], [ [ 2, 2, 2, 2, 2, 2, 2, 2 ], 1 ], [ [ 4, 4, 4, 4 ], 4 ], [ [ 2, 2, 2, 2, 4, 4 ], 2 ], [ [ 2, 2, 2, 2, 4, 4 ], 2 ], [ [ 2, 2, 2, 2, 2, 2, 2, 2 ], 4 ], [ [ 4, 4, 4, 4 ], 2 ], [ [ 4, 4, 4, 4 ], 2 ], [ [ 2, 2, 2, 2, 4, 4 ], 2 ], [ [ 4, 4, 4, 4 ], 4 ], [ [ 2, 2, 2, 2, 4, 4 ], 2 ] ]
174|[ 32, 6 ]|[ [ [ 1, 1, 1, 1, 1, 1, 1, 1, 1, 1, 1, 1, 1, 1, 1, 1 ], 1 ], [ [ 1, 1, 1, 1, 1, 1, 1, 1, 2, 2, 2, 2 ], 2 ], [ [ 1, 1, 1, 1, 1, 1, 1, 1, 2, 2, 2, 2 ], 2 ], [ [ 1, 1, 1, 1, 1, 1, 1, 1, 2, 2, 2, 2 ], 2 ], [ [ 2, 2, 2, 2, 2, 2, 2, 2 ], 1 ], [ [ 2, 2, 2, 2, 4, 4 ], 4 ], [ [ 2, 2, 2, 2, 4, 4 ], 4 ], [ [ 2, 2, 2, 2, 2, 2, 2, 2 ], 4 ], [ [ 4, 4, 4, 4 ], 4 ], [ [ 2, 2, 2, 2, 4, 4 ], 4 ], [ [ 2, 2, 2, 2, 4, 4 ], 4 ] ]
174|[ 32, 6 ]|[ [ [ 1, 1, 1, 1, 1, 1, 1, 1, 1, 1, 1, 1, 1, 1, 1, 1 ], 1 ], [ [ 1, 1, 1, 1, 1, 1, 1, 1, 2, 2, 2, 2 ], 4 ], [ [ 1, 1, 1, 1, 1, 1, 1, 1, 2, 2, 2, 2 ], 2 ], [ [ 2, 2, 2, 2, 2, 2, 2, 2 ], 1 ], [ [ 4, 4, 4, 4 ], 4 ], [ [ 4, 4, 4, 4 ], 4 ], [ [ 2, 2, 2, 2, 2, 2, 2, 2 ], 2 ], [ [ 4, 4, 4, 4 ], 4 ], [ [ 2, 2, 2, 2, 2, 2, 2, 2 ], 2 ], [ [ 4, 4, 4, 4 ], 4 ], [ [ 4, 4, 4, 4 ], 4 ] ]
176|[ 32, 6 ]|[ [ [ 1, 1, 1, 1, 1, 1, 1, 1, 1, 1, 1, 1, 1, 1, 1, 1 ], 1 ], [ [ 1, 1, 1, 1, 2, 2, 2, 2, 2, 2 ], 4 ], [ [ 2, 2, 2, 2, 2, 2, 2, 2 ], 1 ], [ [ 2, 2, 2, 2, 2, 2, 2, 2 ], 2 ], [ [ 4, 4, 4, 4 ], 4 ], [ [ 2, 2, 2, 2, 2, 2, 2, 2 ], 2 ], [ [ 4, 4, 4, 4 ], 4 ], [ [ 4, 4, 4, 4 ], 4 ], [ [ 4, 4, 4, 4 ], 4 ], [ [ 4, 4, 4, 4 ], 4 ], [ [ 2, 2, 2, 2, 2, 2, 2, 2 ], 2 ] ]
176|[ 32, 31 ]|[ [ [ 1, 1, 1, 1, 1, 1, 1, 1, 1, 1, 1, 1, 1, 1, 1, 1 ], 1 ], [ [ 1, 1, 1, 1, 2, 2, 2, 2, 2, 2 ], 4 ], [ [ 2, 2, 2, 2, 2, 2, 2, 2 ], 1 ], [ [ 2, 2, 2, 2, 2, 2, 2, 2 ], 4 ], [ [ 4, 4, 4, 4 ], 2 ], [ [ 2, 2, 2, 2, 2, 2, 2, 2 ], 1 ], [ [ 2, 2, 2, 2, 2, 2, 2, 2 ], 1 ], [ [ 4, 4, 4, 4 ], 4 ], [ [ 4, 4, 4, 4 ], 2 ], [ [ 4, 4, 4, 4 ], 2 ], [ [ 4, 4, 4, 4 ], 4 ], [ [ 4, 4, 4, 4 ], 2 ], [ [ 4, 4, 4, 4 ], 2 ], [ [ 4, 4, 4, 4 ], 2 ] ]
176|[ 32, 6 ]|[ [ [ 1, 1, 1, 1, 1, 1, 1, 1, 1, 1, 1, 1, 1, 1, 1, 1 ], 1 ], [ [ 1, 1, 1, 1, 2, 2, 2, 2, 2, 2 ], 2 ], [ [ 1, 1, 2, 4, 4, 4 ], 4 ], [ [ 1, 1, 2, 4, 4, 4 ], 4 ], [ [ 2, 2, 2, 2, 2, 2, 2, 2 ], 1 ], [ [ 2, 2, 2, 2, 2, 2, 2, 2 ], 4 ], [ [ 4, 4, 4, 4 ], 4 ], [ [ 1, 1, 2, 4, 4, 4 ], 4 ], [ [ 1, 1, 2, 4, 4, 4 ], 4 ], [ [ 1, 1, 1, 1, 2, 2, 2, 2, 2, 2 ], 2 ], [ [ 2, 2, 2, 2, 2, 2, 2, 2 ], 2 ] ]
