298|[ 96, 3 ]|[ [ [ 1, 1, 1, 1, 1, 1, 1, 1, 1, 1, 1, 1, 1, 1, 1, 1, 1, 1, 1, 1, 1, 1, 1, 1 ], 1 ], [ [ 1, 1, 1, 1, 1, 1, 1, 1, 1, 1, 1, 1, 1, 1, 1, 1, 2, 2, 2, 2 ], 3 ], [ [ 1, 1, 1, 1, 1, 1, 1, 1, 2, 2, 2, 2, 2, 2, 2, 2 ], 3 ], [ [ 2, 2, 2, 2, 2, 2, 2, 2, 2, 2, 2, 2 ], 1 ], [ [ 2, 2, 2, 2, 2, 2, 2, 2, 4, 4 ], 6 ], [ [ 2, 2, 2, 2, 2, 2, 2, 2, 4, 4 ], 6 ], [ [ 2, 2, 2, 2, 2, 2, 2, 2, 4, 4 ], 6 ], [ [ 2, 2, 2, 2, 2, 2, 2, 2, 4, 4 ], 6 ], [ [ 6, 6, 6, 6 ], 16 ], [ [ 3, 3, 3, 3, 3, 3, 3, 3 ], 16 ], [ [ 6, 6, 6, 6 ], 16 ], [ [ 3, 3, 3, 3, 3, 3, 3, 3 ], 16 ] ]
301|[ 96, 3 ]|[ [ [ 1, 1, 1, 1, 1, 1, 1, 1, 1, 1, 1, 1, 1, 1, 1, 1, 1, 1, 1, 1, 1, 1, 1, 1 ], 1 ], [ [ 1, 1, 1, 1, 1, 1, 1, 1, 1, 1, 1, 1, 1, 1, 1, 1, 2, 2, 2, 2 ], 3 ], [ [ 1, 1, 1, 1, 1, 1, 1, 1, 2, 2, 2, 2, 2, 2, 2, 2 ], 3 ], [ [ 2, 2, 2, 2, 2, 2, 2, 2, 2, 2, 2, 2 ], 1 ], [ [ 2, 2, 2, 2, 2, 2, 2, 2, 4, 4 ], 6 ], [ [ 2, 2, 2, 2, 2, 2, 2, 2, 4, 4 ], 6 ], [ [ 2, 2, 2, 2, 2, 2, 2, 2, 4, 4 ], 6 ], [ [ 2, 2, 2, 2, 2, 2, 2, 2, 4, 4 ], 6 ], [ [ 3, 3, 3, 3, 3, 3, 3, 3 ], 16 ], [ [ 6, 6, 6, 6 ], 16 ], [ [ 3, 3, 3, 3, 3, 3, 3, 3 ], 16 ], [ [ 6, 6, 6, 6 ], 16 ] ]
309|[ 96, 3 ]|[ [ [ 1, 1, 1, 1, 1, 1, 1, 1, 1, 1, 1, 1, 1, 1, 1, 1, 1, 1, 1, 1, 1, 1, 1, 1 ], 1 ], [ [ 1, 1, 1, 1, 1, 1, 1, 1, 1, 1, 1, 1, 1, 1, 1, 1, 2, 2, 2, 2 ], 3 ], [ [ 1, 1, 1, 1, 1, 1, 1, 1, 2, 2, 2, 2, 2, 2, 2, 2 ], 3 ], [ [ 1, 1, 1, 1, 2, 2, 2, 2, 2, 2, 4, 4 ], 6 ], [ [ 1, 1, 1, 1, 2, 2, 2, 2, 2, 2, 4, 4 ], 6 ], [ [ 1, 1, 1, 1, 2, 2, 2, 2, 2, 2, 4, 4 ], 6 ], [ [ 1, 1, 1, 1, 2, 2, 2, 2, 2, 2, 4, 4 ], 6 ], [ [ 2, 2, 2, 2, 2, 2, 2, 2, 2, 2, 2, 2 ], 1 ], [ [ 6, 6, 6, 6 ], 16 ], [ [ 3, 3, 3, 3, 3, 3, 3, 3 ], 16 ], [ [ 3, 3, 3, 3, 3, 3, 3, 3 ], 16 ], [ [ 6, 6, 6, 6 ], 16 ] ]
310|[ 96, 3 ]|[ [ [ 1, 1, 1, 1, 1, 1, 1, 1, 1, 1, 1, 1, 1, 1, 1, 1, 1, 1, 1, 1, 1, 1, 1, 1 ], 1 ], [ [ 1, 1, 1, 1, 1, 1, 1, 1, 1, 1, 1, 1, 1, 1, 1, 1, 2, 2, 2, 2 ], 3 ], [ [ 1, 1, 1, 1, 1, 1, 1, 1, 2, 2, 2, 2, 2, 2, 2, 2 ], 3 ], [ [ 1, 1, 1, 1, 2, 2, 2, 2, 2, 2, 4, 4 ], 6 ], [ [ 1, 1, 1, 1, 2, 2, 2, 2, 2, 2, 4, 4 ], 6 ], [ [ 1, 1, 1, 1, 2, 2, 2, 2, 2, 2, 4, 4 ], 6 ], [ [ 1, 1, 1, 1, 2, 2, 2, 2, 2, 2, 4, 4 ], 6 ], [ [ 2, 2, 2, 2, 2, 2, 2, 2, 2, 2, 2, 2 ], 1 ], [ [ 3, 3, 3, 3, 3, 3, 3, 3 ], 16 ], [ [ 6, 6, 6, 6 ], 16 ], [ [ 3, 3, 3, 3, 3, 3, 3, 3 ], 16 ], [ [ 6, 6, 6, 6 ], 16 ] ]
312|[ 96, 3 ]|[ [ [ 1, 1, 1, 1, 1, 1, 1, 1, 1, 1, 1, 1, 1, 1, 1, 1, 1, 1, 1, 1, 1, 1, 1, 1 ], 1 ], [ [ 1, 1, 1, 1, 1, 1, 1, 1, 1, 1, 1, 1, 1, 1, 1, 1, 2, 2, 2, 2 ], 3 ], [ [ 1, 1, 1, 1, 1, 1, 1, 1, 2, 2, 2, 2, 2, 2, 2, 2 ], 3 ], [ [ 1, 1, 1, 1, 2, 2, 2, 2, 2, 2, 4, 4 ], 6 ], [ [ 1, 1, 1, 1, 2, 2, 2, 2, 2, 2, 4, 4 ], 6 ], [ [ 1, 1, 1, 1, 2, 2, 2, 2, 2, 2, 4, 4 ], 6 ], [ [ 1, 1, 1, 1, 2, 2, 2, 2, 2, 2, 4, 4 ], 6 ], [ [ 2, 2, 2, 2, 2, 2, 2, 2, 2, 2, 2, 2 ], 1 ], [ [ 6, 6, 6, 6 ], 16 ], [ [ 3, 3, 3, 3, 3, 3, 3, 3 ], 16 ], [ [ 3, 3, 3, 3, 3, 3, 3, 3 ], 16 ], [ [ 6, 6, 6, 6 ], 16 ] ]
791|[ 192, 199 ]|[ [ [ 1, 1, 1, 1, 1, 1, 1, 1, 1, 1, 1, 1, 1, 1, 1, 1, 1, 1, 1, 1, 1, 1, 1, 1 ], 1 ], [ [ 1, 1, 1, 1, 1, 1, 1, 1, 1, 1, 1, 1, 1, 1, 1, 1, 2, 2, 2, 2 ], 3 ], [ [ 1, 1, 1, 1, 1, 1, 1, 1, 2, 2, 2, 2, 2, 2, 2, 2 ], 3 ], [ [ 1, 1, 1, 1, 2, 2, 2, 2, 2, 2, 4, 4 ], 12 ], [ [ 1, 1, 1, 1, 2, 2, 2, 2, 2, 2, 4, 4 ], 12 ], [ [ 2, 2, 2, 2, 2, 2, 2, 2, 2, 2, 2, 2 ], 1 ], [ [ 2, 2, 2, 2, 4, 4, 4, 4 ], 12 ], [ [ 4, 4, 4, 4, 4, 4 ], 4 ], [ [ 4, 4, 4, 4, 4, 4 ], 4 ], [ [ 2, 2, 2, 2, 4, 4, 4, 4 ], 12 ], [ [ 12, 12 ], 16 ], [ [ 12, 12 ], 16 ], [ [ 6, 6, 6, 6 ], 16 ], [ [ 3, 3, 3, 3, 3, 3, 3, 3 ], 16 ], [ [ 3, 3, 3, 3, 3, 3, 3, 3 ], 16 ], [ [ 6, 6, 6, 6 ], 16 ], [ [ 12, 12 ], 16 ], [ [ 12, 12 ], 16 ] ]
791|[ 192, 197 ]|[ [ [ 1, 1, 1, 1, 1, 1, 1, 1, 1, 1, 1, 1, 1, 1, 1, 1, 1, 1, 1, 1, 1, 1, 1, 1 ], 1 ], [ [ 1, 1, 1, 1, 1, 1, 1, 1, 1, 1, 1, 1, 1, 1, 1, 1, 2, 2, 2, 2 ], 3 ], [ [ 1, 1, 1, 1, 1, 1, 1, 1, 2, 2, 2, 2, 2, 2, 2, 2 ], 3 ], [ [ 1, 1, 1, 1, 1, 1, 1, 1, 2, 2, 2, 2, 4, 4 ], 12 ], [ [ 1, 1, 1, 1, 1, 1, 1, 1, 1, 1, 1, 1, 2, 2, 2, 2, 2, 2 ], 4 ], [ [ 1, 1, 1, 1, 1, 1, 1, 1, 1, 1, 1, 1, 2, 2, 2, 2, 2, 2 ], 4 ], [ [ 1, 1, 1, 1, 2, 2, 2, 2, 2, 2, 4, 4 ], 12 ], [ [ 1, 1, 1, 1, 2, 2, 2, 2, 2, 2, 4, 4 ], 12 ], [ [ 2, 2, 2, 2, 2, 2, 2, 2, 2, 2, 2, 2 ], 1 ], [ [ 2, 2, 2, 2, 2, 2, 2, 2, 4, 4 ], 12 ], [ [ 3, 3, 3, 3, 6, 6 ], 16 ], [ [ 3, 3, 3, 3, 6, 6 ], 16 ], [ [ 6, 6, 6, 6 ], 16 ], [ [ 3, 3, 3, 3, 3, 3, 3, 3 ], 16 ], [ [ 3, 3, 3, 3, 3, 3, 3, 3 ], 16 ], [ [ 6, 6, 6, 6 ], 16 ], [ [ 3, 3, 3, 3, 6, 6 ], 16 ], [ [ 3, 3, 3, 3, 6, 6 ], 16 ] ]
791|[ 192, 190 ]|[ [ [ 1, 1, 1, 1, 1, 1, 1, 1, 1, 1, 1, 1, 1, 1, 1, 1, 1, 1, 1, 1, 1, 1, 1, 1 ], 1 ], [ [ 1, 1, 1, 1, 1, 1, 1, 1, 1, 1, 1, 1, 1, 1, 1, 1, 2, 2, 2, 2 ], 3 ], [ [ 1, 1, 1, 1, 1, 1, 1, 1, 2, 2, 2, 2, 2, 2, 2, 2 ], 3 ], [ [ 1, 1, 1, 1, 2, 2, 2, 2, 2, 2, 4, 4 ], 6 ], [ [ 1, 1, 1, 1, 2, 2, 2, 2, 2, 2, 4, 4 ], 6 ], [ [ 1, 1, 1, 1, 2, 2, 2, 2, 2, 2, 4, 4 ], 6 ], [ [ 1, 1, 1, 1, 2, 2, 2, 2, 2, 2, 4, 4 ], 6 ], [ [ 2, 2, 2, 2, 2, 2, 2, 2, 2, 2, 2, 2 ], 1 ], [ [ 4, 4, 4, 4, 4, 4 ], 3 ], [ [ 4, 4, 4, 4, 4, 4 ], 3 ], [ [ 4, 4, 4, 4, 4, 4 ], 1 ], [ [ 2, 2, 2, 2, 4, 4, 4, 4 ], 6 ], [ [ 2, 2, 2, 2, 4, 4, 4, 4 ], 6 ], [ [ 2, 2, 2, 2, 4, 4, 4, 4 ], 6 ], [ [ 2, 2, 2, 2, 4, 4, 4, 4 ], 6 ], [ [ 4, 4, 4, 4, 4, 4 ], 1 ], [ [ 12, 12 ], 16 ], [ [ 12, 12 ], 16 ], [ [ 6, 6, 6, 6 ], 16 ], [ [ 3, 3, 3, 3, 3, 3, 3, 3 ], 16 ], [ [ 3, 3, 3, 3, 3, 3, 3, 3 ], 16 ], [ [ 6, 6, 6, 6 ], 16 ], [ [ 12, 12 ], 16 ], [ [ 12, 12 ], 16 ] ]
894|[ 192, 199 ]|[ [ [ 1, 1, 1, 1, 1, 1, 1, 1, 1, 1, 1, 1, 1, 1, 1, 1, 1, 1, 1, 1, 1, 1, 1, 1 ], 1 ], [ [ 1, 1, 1, 1, 1, 1, 1, 1, 1, 1, 1, 1, 1, 1, 1, 1, 2, 2, 2, 2 ], 3 ], [ [ 1, 1, 1, 1, 1, 1, 1, 1, 2, 2, 2, 2, 2, 2, 2, 2 ], 3 ], [ [ 1, 1, 1, 1, 2, 2, 2, 2, 2, 2, 4, 4 ], 12 ], [ [ 1, 1, 1, 1, 2, 2, 2, 2, 2, 2, 4, 4 ], 12 ], [ [ 2, 2, 2, 2, 2, 2, 2, 2, 2, 2, 2, 2 ], 1 ], [ [ 2, 2, 2, 2, 4, 4, 4, 4 ], 12 ], [ [ 2, 2, 2, 2, 4, 4, 4, 4 ], 12 ], [ [ 4, 4, 4, 4, 4, 4 ], 4 ], [ [ 4, 4, 4, 4, 4, 4 ], 4 ], [ [ 12, 12 ], 16 ], [ [ 12, 12 ], 16 ], [ [ 6, 6, 6, 6 ], 16 ], [ [ 3, 3, 3, 3, 3, 3, 3, 3 ], 16 ], [ [ 12, 12 ], 16 ], [ [ 12, 12 ], 16 ], [ [ 3, 3, 3, 3, 3, 3, 3, 3 ], 16 ], [ [ 6, 6, 6, 6 ], 16 ] ]
894|[ 192, 197 ]|[ [ [ 1, 1, 1, 1, 1, 1, 1, 1, 1, 1, 1, 1, 1, 1, 1, 1, 1, 1, 1, 1, 1, 1, 1, 1 ], 1 ], [ [ 1, 1, 1, 1, 1, 1, 1, 1, 1, 1, 1, 1, 1, 1, 1, 1, 2, 2, 2, 2 ], 3 ], [ [ 1, 1, 1, 1, 1, 1, 1, 1, 2, 2, 2, 2, 2, 2, 2, 2 ], 3 ], [ [ 1, 1, 1, 1, 1, 1, 1, 1, 1, 1, 1, 1, 2, 2, 4, 4 ], 12 ], [ [ 1, 1, 1, 1, 2, 2, 2, 2, 2, 2, 4, 4 ], 12 ], [ [ 1, 1, 1, 1, 2, 2, 2, 2, 2, 2, 4, 4 ], 12 ], [ [ 1, 1, 1, 1, 2, 2, 2, 2, 2, 2, 4, 4 ], 12 ], [ [ 2, 2, 2, 2, 2, 2, 2, 2, 2, 2, 2, 2 ], 1 ], [ [ 2, 2, 2, 2, 2, 2, 2, 2, 2, 2, 2, 2 ], 4 ], [ [ 2, 2, 2, 2, 2, 2, 2, 2, 2, 2, 2, 2 ], 4 ], [ [ 6, 6, 6, 6 ], 16 ], [ [ 6, 6, 6, 6 ], 16 ], [ [ 6, 6, 6, 6 ], 16 ], [ [ 3, 3, 3, 3, 3, 3, 3, 3 ], 16 ], [ [ 3, 3, 3, 3, 3, 3, 3, 3 ], 16 ], [ [ 6, 6, 6, 6 ], 16 ], [ [ 6, 6, 6, 6 ], 16 ], [ [ 6, 6, 6, 6 ], 16 ] ]
894|[ 192, 190 ]|[ [ [ 1, 1, 1, 1, 1, 1, 1, 1, 1, 1, 1, 1, 1, 1, 1, 1, 1, 1, 1, 1, 1, 1, 1, 1 ], 1 ], [ [ 1, 1, 1, 1, 1, 1, 1, 1, 1, 1, 1, 1, 1, 1, 1, 1, 2, 2, 2, 2 ], 3 ], [ [ 1, 1, 1, 1, 1, 1, 1, 1, 2, 2, 2, 2, 2, 2, 2, 2 ], 3 ], [ [ 1, 1, 1, 1, 2, 2, 2, 2, 2, 2, 4, 4 ], 6 ], [ [ 1, 1, 1, 1, 2, 2, 2, 2, 2, 2, 4, 4 ], 6 ], [ [ 1, 1, 1, 1, 2, 2, 2, 2, 2, 2, 4, 4 ], 6 ], [ [ 1, 1, 1, 1, 2, 2, 2, 2, 2, 2, 4, 4 ], 6 ], [ [ 2, 2, 2, 2, 2, 2, 2, 2, 2, 2, 2, 2 ], 1 ], [ [ 4, 4, 4, 4, 4, 4 ], 1 ], [ [ 4, 4, 4, 4, 4, 4 ], 3 ], [ [ 4, 4, 4, 4, 4, 4 ], 3 ], [ [ 2, 2, 2, 2, 4, 4, 4, 4 ], 6 ], [ [ 2, 2, 2, 2, 4, 4, 4, 4 ], 6 ], [ [ 2, 2, 2, 2, 4, 4, 4, 4 ], 6 ], [ [ 2, 2, 2, 2, 4, 4, 4, 4 ], 6 ], [ [ 4, 4, 4, 4, 4, 4 ], 1 ], [ [ 12, 12 ], 16 ], [ [ 12, 12 ], 16 ], [ [ 6, 6, 6, 6 ], 16 ], [ [ 3, 3, 3, 3, 3, 3, 3, 3 ], 16 ], [ [ 12, 12 ], 16 ], [ [ 12, 12 ], 16 ], [ [ 3, 3, 3, 3, 3, 3, 3, 3 ], 16 ], [ [ 6, 6, 6, 6 ], 16 ] ]
898|[ 192, 199 ]|[ [ [ 1, 1, 1, 1, 1, 1, 1, 1, 1, 1, 1, 1, 1, 1, 1, 1, 1, 1, 1, 1, 1, 1, 1, 1 ], 1 ], [ [ 1, 1, 1, 1, 1, 1, 1, 1, 1, 1, 1, 1, 1, 1, 1, 1, 2, 2, 2, 2 ], 3 ], [ [ 1, 1, 1, 1, 1, 1, 1, 1, 2, 2, 2, 2, 2, 2, 2, 2 ], 3 ], [ [ 1, 1, 1, 1, 2, 2, 2, 2, 2, 2, 4, 4 ], 12 ], [ [ 1, 1, 1, 1, 2, 2, 2, 2, 2, 2, 4, 4 ], 12 ], [ [ 2, 2, 2, 2, 2, 2, 2, 2, 2, 2, 2, 2 ], 1 ], [ [ 2, 2, 2, 2, 4, 4, 4, 4 ], 12 ], [ [ 2, 2, 2, 2, 4, 4, 4, 4 ], 12 ], [ [ 4, 4, 4, 4, 4, 4 ], 4 ], [ [ 4, 4, 4, 4, 4, 4 ], 4 ], [ [ 12, 12 ], 16 ], [ [ 12, 12 ], 16 ], [ [ 3, 3, 3, 3, 3, 3, 3, 3 ], 16 ], [ [ 6, 6, 6, 6 ], 16 ], [ [ 12, 12 ], 16 ], [ [ 12, 12 ], 16 ], [ [ 3, 3, 3, 3, 3, 3, 3, 3 ], 16 ], [ [ 6, 6, 6, 6 ], 16 ] ]
898|[ 192, 194 ]|[ [ [ 1, 1, 1, 1, 1, 1, 1, 1, 1, 1, 1, 1, 1, 1, 1, 1, 1, 1, 1, 1, 1, 1, 1, 1 ], 1 ], [ [ 1, 1, 1, 1, 1, 1, 1, 1, 1, 1, 1, 1, 1, 1, 1, 1, 2, 2, 2, 2 ], 3 ], [ [ 1, 1, 1, 1, 1, 1, 1, 1, 1, 1, 1, 1, 2, 2, 2, 2, 2, 2 ], 12 ], [ [ 1, 1, 1, 1, 1, 1, 1, 1, 2, 2, 2, 2, 2, 2, 2, 2 ], 3 ], [ [ 1, 1, 1, 1, 2, 2, 2, 2, 2, 2, 2, 2, 2, 2 ], 12 ], [ [ 1, 1, 1, 1, 2, 2, 2, 2, 2, 2, 4, 4 ], 12 ], [ [ 1, 1, 1, 1, 2, 2, 2, 2, 2, 2, 4, 4 ], 12 ], [ [ 2, 2, 2, 2, 2, 2, 2, 2, 2, 2, 2, 2 ], 1 ], [ [ 4, 4, 4, 4, 4, 4 ], 4 ], [ [ 4, 4, 4, 4, 4, 4 ], 4 ], [ [ 3, 3, 3, 3, 3, 3, 3, 3 ], 16 ], [ [ 6, 6, 6, 6 ], 16 ], [ [ 12, 12 ], 16 ], [ [ 12, 12 ], 16 ], [ [ 3, 3, 3, 3, 3, 3, 3, 3 ], 16 ], [ [ 6, 6, 6, 6 ], 16 ], [ [ 12, 12 ], 16 ], [ [ 12, 12 ], 16 ] ]
898|[ 192, 199 ]|[ [ [ 1, 1, 1, 1, 1, 1, 1, 1, 1, 1, 1, 1, 1, 1, 1, 1, 1, 1, 1, 1, 1, 1, 1, 1 ], 1 ], [ [ 1, 1, 1, 1, 1, 1, 1, 1, 1, 1, 1, 1, 1, 1, 1, 1, 2, 2, 2, 2 ], 3 ], [ [ 1, 1, 1, 1, 1, 1, 1, 1, 2, 2, 2, 2, 2, 2, 2, 2 ], 3 ], [ [ 1, 1, 1, 1, 2, 2, 2, 2, 2, 2, 4, 4 ], 12 ], [ [ 1, 1, 1, 1, 2, 2, 2, 2, 2, 2, 4, 4 ], 12 ], [ [ 2, 2, 2, 2, 2, 2, 2, 2, 2, 2, 2, 2 ], 1 ], [ [ 2, 2, 2, 2, 4, 4, 4, 4 ], 12 ], [ [ 2, 2, 2, 2, 4, 4, 4, 4 ], 12 ], [ [ 4, 4, 4, 4, 4, 4 ], 4 ], [ [ 4, 4, 4, 4, 4, 4 ], 4 ], [ [ 12, 12 ], 16 ], [ [ 12, 12 ], 16 ], [ [ 3, 3, 3, 3, 3, 3, 3, 3 ], 16 ], [ [ 6, 6, 6, 6 ], 16 ], [ [ 12, 12 ], 16 ], [ [ 12, 12 ], 16 ], [ [ 3, 3, 3, 3, 3, 3, 3, 3 ], 16 ], [ [ 6, 6, 6, 6 ], 16 ] ]
904|[ 192, 199 ]|[ [ [ 1, 1, 1, 1, 1, 1, 1, 1, 1, 1, 1, 1, 1, 1, 1, 1, 1, 1, 1, 1, 1, 1, 1, 1 ], 1 ], [ [ 1, 1, 1, 1, 1, 1, 1, 1, 1, 1, 1, 1, 1, 1, 1, 1, 2, 2, 2, 2 ], 3 ], [ [ 1, 1, 1, 1, 1, 1, 1, 1, 2, 2, 2, 2, 2, 2, 2, 2 ], 3 ], [ [ 1, 1, 1, 1, 2, 2, 4, 4, 4, 4 ], 12 ], [ [ 1, 1, 1, 1, 2, 2, 4, 4, 4, 4 ], 12 ], [ [ 2, 2, 2, 2, 2, 2, 2, 2, 2, 2, 2, 2 ], 1 ], [ [ 2, 2, 2, 2, 2, 2, 2, 2, 4, 4 ], 12 ], [ [ 2, 2, 2, 2, 2, 2, 2, 2, 4, 4 ], 12 ], [ [ 4, 4, 4, 4, 4, 4 ], 4 ], [ [ 4, 4, 4, 4, 4, 4 ], 4 ], [ [ 6, 6, 6, 6 ], 16 ], [ [ 3, 3, 3, 3, 3, 3, 3, 3 ], 16 ], [ [ 12, 12 ], 16 ], [ [ 12, 12 ], 16 ], [ [ 12, 12 ], 16 ], [ [ 12, 12 ], 16 ], [ [ 3, 3, 3, 3, 3, 3, 3, 3 ], 16 ], [ [ 6, 6, 6, 6 ], 16 ] ]
904|[ 192, 199 ]|[ [ [ 1, 1, 1, 1, 1, 1, 1, 1, 1, 1, 1, 1, 1, 1, 1, 1, 1, 1, 1, 1, 1, 1, 1, 1 ], 1 ], [ [ 1, 1, 1, 1, 1, 1, 1, 1, 1, 1, 1, 1, 1, 1, 1, 1, 2, 2, 2, 2 ], 3 ], [ [ 1, 1, 1, 1, 1, 1, 1, 1, 2, 2, 2, 2, 2, 2, 2, 2 ], 3 ], [ [ 1, 1, 1, 1, 2, 2, 4, 4, 4, 4 ], 12 ], [ [ 1, 1, 1, 1, 2, 2, 4, 4, 4, 4 ], 12 ], [ [ 2, 2, 2, 2, 2, 2, 2, 2, 2, 2, 2, 2 ], 1 ], [ [ 2, 2, 2, 2, 2, 2, 2, 2, 4, 4 ], 12 ], [ [ 2, 2, 2, 2, 2, 2, 2, 2, 4, 4 ], 12 ], [ [ 4, 4, 4, 4, 4, 4 ], 4 ], [ [ 4, 4, 4, 4, 4, 4 ], 4 ], [ [ 6, 6, 6, 6 ], 16 ], [ [ 3, 3, 3, 3, 3, 3, 3, 3 ], 16 ], [ [ 12, 12 ], 16 ], [ [ 12, 12 ], 16 ], [ [ 12, 12 ], 16 ], [ [ 12, 12 ], 16 ], [ [ 3, 3, 3, 3, 3, 3, 3, 3 ], 16 ], [ [ 6, 6, 6, 6 ], 16 ] ]
904|[ 192, 194 ]|[ [ [ 1, 1, 1, 1, 1, 1, 1, 1, 1, 1, 1, 1, 1, 1, 1, 1, 1, 1, 1, 1, 1, 1, 1, 1 ], 1 ], [ [ 1, 1, 1, 1, 1, 1, 1, 1, 1, 1, 1, 1, 1, 1, 1, 1, 2, 2, 2, 2 ], 3 ], [ [ 1, 1, 1, 1, 1, 1, 1, 1, 2, 2, 2, 2, 2, 2, 2, 2 ], 3 ], [ [ 1, 1, 1, 1, 1, 1, 1, 1, 2, 2, 2, 2, 2, 2, 2, 2 ], 12 ], [ [ 2, 2, 2, 2, 2, 2, 2, 2, 2, 2, 2, 2 ], 1 ], [ [ 2, 2, 2, 2, 2, 2, 2, 2, 2, 2, 2, 2 ], 12 ], [ [ 2, 2, 2, 2, 2, 2, 2, 2, 4, 4 ], 12 ], [ [ 2, 2, 2, 2, 2, 2, 2, 2, 4, 4 ], 12 ], [ [ 4, 4, 4, 4, 4, 4 ], 4 ], [ [ 4, 4, 4, 4, 4, 4 ], 4 ], [ [ 12, 12 ], 16 ], [ [ 12, 12 ], 16 ], [ [ 6, 6, 6, 6 ], 16 ], [ [ 3, 3, 3, 3, 3, 3, 3, 3 ], 16 ], [ [ 12, 12 ], 16 ], [ [ 12, 12 ], 16 ], [ [ 3, 3, 3, 3, 3, 3, 3, 3 ], 16 ], [ [ 6, 6, 6, 6 ], 16 ] ]
908|[ 192, 199 ]|[ [ [ 1, 1, 1, 1, 1, 1, 1, 1, 1, 1, 1, 1, 1, 1, 1, 1, 1, 1, 1, 1, 1, 1, 1, 1 ], 1 ], [ [ 1, 1, 1, 1, 1, 1, 1, 1, 1, 1, 1, 1, 1, 1, 1, 1, 2, 2, 2, 2 ], 3 ], [ [ 1, 1, 1, 1, 1, 1, 1, 1, 2, 2, 2, 2, 2, 2, 2, 2 ], 3 ], [ [ 1, 1, 1, 1, 2, 2, 4, 4, 4, 4 ], 12 ], [ [ 1, 1, 1, 1, 2, 2, 4, 4, 4, 4 ], 12 ], [ [ 2, 2, 2, 2, 2, 2, 2, 2, 2, 2, 2, 2 ], 1 ], [ [ 2, 2, 2, 2, 2, 2, 2, 2, 4, 4 ], 12 ], [ [ 2, 2, 2, 2, 2, 2, 2, 2, 4, 4 ], 12 ], [ [ 4, 4, 4, 4, 4, 4 ], 4 ], [ [ 4, 4, 4, 4, 4, 4 ], 4 ], [ [ 6, 6, 6, 6 ], 16 ], [ [ 3, 3, 3, 3, 3, 3, 3, 3 ], 16 ], [ [ 12, 12 ], 16 ], [ [ 12, 12 ], 16 ], [ [ 12, 12 ], 16 ], [ [ 12, 12 ], 16 ], [ [ 3, 3, 3, 3, 3, 3, 3, 3 ], 16 ], [ [ 6, 6, 6, 6 ], 16 ] ]
908|[ 192, 190 ]|[ [ [ 1, 1, 1, 1, 1, 1, 1, 1, 1, 1, 1, 1, 1, 1, 1, 1, 1, 1, 1, 1, 1, 1, 1, 1 ], 1 ], [ [ 1, 1, 1, 1, 1, 1, 1, 1, 1, 1, 1, 1, 1, 1, 1, 1, 2, 2, 2, 2 ], 3 ], [ [ 1, 1, 1, 1, 1, 1, 1, 1, 2, 2, 2, 2, 2, 2, 2, 2 ], 3 ], [ [ 1, 1, 1, 1, 2, 2, 4, 4, 4, 4 ], 6 ], [ [ 1, 1, 1, 1, 2, 2, 4, 4, 4, 4 ], 6 ], [ [ 1, 1, 1, 1, 2, 2, 4, 4, 4, 4 ], 6 ], [ [ 1, 1, 1, 1, 2, 2, 4, 4, 4, 4 ], 6 ], [ [ 2, 2, 2, 2, 2, 2, 2, 2, 2, 2, 2, 2 ], 1 ], [ [ 2, 2, 2, 2, 2, 2, 2, 2, 4, 4 ], 6 ], [ [ 2, 2, 2, 2, 2, 2, 2, 2, 4, 4 ], 6 ], [ [ 2, 2, 2, 2, 2, 2, 2, 2, 4, 4 ], 6 ], [ [ 2, 2, 2, 2, 2, 2, 2, 2, 4, 4 ], 6 ], [ [ 4, 4, 4, 4, 4, 4 ], 3 ], [ [ 4, 4, 4, 4, 4, 4 ], 3 ], [ [ 4, 4, 4, 4, 4, 4 ], 1 ], [ [ 4, 4, 4, 4, 4, 4 ], 1 ], [ [ 6, 6, 6, 6 ], 16 ], [ [ 3, 3, 3, 3, 3, 3, 3, 3 ], 16 ], [ [ 12, 12 ], 16 ], [ [ 12, 12 ], 16 ], [ [ 12, 12 ], 16 ], [ [ 12, 12 ], 16 ], [ [ 3, 3, 3, 3, 3, 3, 3, 3 ], 16 ], [ [ 6, 6, 6, 6 ], 16 ] ]
908|[ 192, 197 ]|[ [ [ 1, 1, 1, 1, 1, 1, 1, 1, 1, 1, 1, 1, 1, 1, 1, 1, 1, 1, 1, 1, 1, 1, 1, 1 ], 1 ], [ [ 1, 1, 1, 1, 1, 1, 1, 1, 1, 1, 1, 1, 1, 1, 1, 1, 2, 2, 2, 2 ], 3 ], [ [ 1, 1, 1, 1, 1, 1, 1, 1, 2, 2, 2, 2, 2, 2, 2, 2 ], 3 ], [ [ 1, 1, 1, 1, 1, 1, 1, 1, 2, 2, 2, 2, 4, 4 ], 12 ], [ [ 2, 2, 2, 2, 2, 2, 2, 2, 2, 2, 2, 2 ], 1 ], [ [ 2, 2, 2, 2, 2, 2, 2, 2, 4, 4 ], 12 ], [ [ 2, 2, 2, 2, 2, 2, 2, 2, 4, 4 ], 12 ], [ [ 2, 2, 2, 2, 2, 2, 2, 2, 4, 4 ], 12 ], [ [ 2, 2, 2, 2, 2, 2, 2, 2, 2, 2, 2, 2 ], 4 ], [ [ 2, 2, 2, 2, 2, 2, 2, 2, 2, 2, 2, 2 ], 4 ], [ [ 6, 6, 6, 6 ], 16 ], [ [ 6, 6, 6, 6 ], 16 ], [ [ 6, 6, 6, 6 ], 16 ], [ [ 3, 3, 3, 3, 3, 3, 3, 3 ], 16 ], [ [ 6, 6, 6, 6 ], 16 ], [ [ 6, 6, 6, 6 ], 16 ], [ [ 3, 3, 3, 3, 3, 3, 3, 3 ], 16 ], [ [ 6, 6, 6, 6 ], 16 ] ]
1575|[ 384, 5863 ]|[ [ [ 1, 1, 1, 1, 1, 1, 1, 1, 1, 1, 1, 1, 1, 1, 1, 1, 1, 1, 1, 1, 1, 1, 1, 1 ], 1 ], [ [ 1, 1, 1, 1, 1, 1, 1, 1, 1, 1, 1, 1, 1, 1, 1, 1, 2, 2, 2, 2 ], 3 ], [ [ 1, 1, 1, 1, 1, 1, 1, 1, 1, 1, 1, 1, 1, 1, 1, 1, 2, 2, 2, 2 ], 12 ], [ [ 1, 1, 1, 1, 1, 1, 1, 1, 2, 2, 2, 2, 2, 2, 2, 2 ], 3 ], [ [ 1, 1, 1, 1, 1, 1, 1, 1, 2, 2, 2, 2, 2, 2, 2, 2 ], 12 ], [ [ 1, 1, 1, 1, 1, 1, 1, 1, 4, 4, 4, 4 ], 12 ], [ [ 1, 1, 1, 1, 1, 1, 1, 1, 2, 2, 2, 2, 2, 2, 2, 2 ], 12 ], [ [ 1, 1, 1, 1, 2, 2, 2, 2, 2, 2, 4, 4 ], 24 ], [ [ 1, 1, 1, 1, 2, 2, 2, 2, 2, 2, 4, 4 ], 24 ], [ [ 2, 2, 2, 2, 2, 2, 2, 2, 2, 2, 2, 2 ], 1 ], [ [ 2, 2, 2, 2, 2, 2, 2, 2, 2, 2, 2, 2 ], 12 ], [ [ 2, 2, 2, 2, 4, 4, 4, 4 ], 12 ], [ [ 6, 6, 6, 6 ], 64 ], [ [ 3, 3, 3, 3, 3, 3, 3, 3 ], 64 ], [ [ 6, 6, 6, 6 ], 64 ], [ [ 3, 3, 3, 3, 3, 3, 3, 3 ], 64 ] ]
1582|[ 384, 5863 ]|[ [ [ 1, 1, 1, 1, 1, 1, 1, 1, 1, 1, 1, 1, 1, 1, 1, 1, 1, 1, 1, 1, 1, 1, 1, 1 ], 1 ], [ [ 1, 1, 1, 1, 1, 1, 1, 1, 1, 1, 1, 1, 1, 1, 1, 1, 2, 2, 2, 2 ], 3 ], [ [ 1, 1, 1, 1, 1, 1, 1, 1, 1, 1, 1, 1, 1, 1, 1, 1, 2, 2, 2, 2 ], 12 ], [ [ 1, 1, 1, 1, 1, 1, 1, 1, 2, 2, 2, 2, 2, 2, 2, 2 ], 3 ], [ [ 1, 1, 1, 1, 1, 1, 1, 1, 2, 2, 2, 2, 2, 2, 2, 2 ], 12 ], [ [ 1, 1, 1, 1, 1, 1, 1, 1, 4, 4, 4, 4 ], 12 ], [ [ 1, 1, 1, 1, 1, 1, 1, 1, 2, 2, 2, 2, 2, 2, 2, 2 ], 12 ], [ [ 1, 1, 1, 1, 2, 2, 2, 2, 2, 2, 4, 4 ], 24 ], [ [ 1, 1, 1, 1, 2, 2, 2, 2, 2, 2, 4, 4 ], 24 ], [ [ 2, 2, 2, 2, 2, 2, 2, 2, 2, 2, 2, 2 ], 1 ], [ [ 2, 2, 2, 2, 2, 2, 2, 2, 2, 2, 2, 2 ], 12 ], [ [ 2, 2, 2, 2, 4, 4, 4, 4 ], 12 ], [ [ 6, 6, 6, 6 ], 64 ], [ [ 3, 3, 3, 3, 3, 3, 3, 3 ], 64 ], [ [ 6, 6, 6, 6 ], 64 ], [ [ 3, 3, 3, 3, 3, 3, 3, 3 ], 64 ] ]
1585|[ 384, 5863 ]|[ [ [ 1, 1, 1, 1, 1, 1, 1, 1, 1, 1, 1, 1, 1, 1, 1, 1, 1, 1, 1, 1, 1, 1, 1, 1 ], 1 ], [ [ 1, 1, 1, 1, 1, 1, 1, 1, 1, 1, 1, 1, 1, 1, 1, 1, 2, 2, 2, 2 ], 3 ], [ [ 1, 1, 1, 1, 1, 1, 1, 1, 1, 1, 1, 1, 1, 1, 1, 1, 2, 2, 2, 2 ], 12 ], [ [ 1, 1, 1, 1, 1, 1, 1, 1, 2, 2, 2, 2, 2, 2, 2, 2 ], 3 ], [ [ 1, 1, 1, 1, 1, 1, 1, 1, 2, 2, 2, 2, 2, 2, 2, 2 ], 12 ], [ [ 1, 1, 1, 1, 1, 1, 1, 1, 4, 4, 4, 4 ], 12 ], [ [ 1, 1, 1, 1, 1, 1, 1, 1, 2, 2, 2, 2, 2, 2, 2, 2 ], 12 ], [ [ 1, 1, 1, 1, 2, 2, 2, 2, 2, 2, 4, 4 ], 24 ], [ [ 1, 1, 1, 1, 2, 2, 2, 2, 2, 2, 4, 4 ], 24 ], [ [ 2, 2, 2, 2, 2, 2, 2, 2, 2, 2, 2, 2 ], 1 ], [ [ 2, 2, 2, 2, 2, 2, 2, 2, 2, 2, 2, 2 ], 12 ], [ [ 2, 2, 2, 2, 4, 4, 4, 4 ], 12 ], [ [ 6, 6, 6, 6 ], 64 ], [ [ 3, 3, 3, 3, 3, 3, 3, 3 ], 64 ], [ [ 6, 6, 6, 6 ], 64 ], [ [ 3, 3, 3, 3, 3, 3, 3, 3 ], 64 ] ]
1588|[ 384, 5863 ]|[ [ [ 1, 1, 1, 1, 1, 1, 1, 1, 1, 1, 1, 1, 1, 1, 1, 1, 1, 1, 1, 1, 1, 1, 1, 1 ], 1 ], [ [ 1, 1, 1, 1, 1, 1, 1, 1, 1, 1, 1, 1, 1, 1, 1, 1, 2, 2, 2, 2 ], 3 ], [ [ 1, 1, 1, 1, 1, 1, 1, 1, 1, 1, 1, 1, 1, 1, 1, 1, 2, 2, 2, 2 ], 12 ], [ [ 1, 1, 1, 1, 1, 1, 1, 1, 2, 2, 2, 2, 2, 2, 2, 2 ], 3 ], [ [ 1, 1, 1, 1, 1, 1, 1, 1, 2, 2, 2, 2, 2, 2, 2, 2 ], 12 ], [ [ 1, 1, 1, 1, 1, 1, 1, 1, 4, 4, 4, 4 ], 12 ], [ [ 1, 1, 1, 1, 1, 1, 1, 1, 2, 2, 2, 2, 2, 2, 2, 2 ], 12 ], [ [ 1, 1, 1, 1, 2, 2, 2, 2, 2, 2, 4, 4 ], 24 ], [ [ 1, 1, 1, 1, 2, 2, 2, 2, 2, 2, 4, 4 ], 24 ], [ [ 2, 2, 2, 2, 2, 2, 2, 2, 2, 2, 2, 2 ], 1 ], [ [ 2, 2, 2, 2, 2, 2, 2, 2, 2, 2, 2, 2 ], 12 ], [ [ 2, 2, 2, 2, 4, 4, 4, 4 ], 12 ], [ [ 3, 3, 3, 3, 3, 3, 3, 3 ], 64 ], [ [ 6, 6, 6, 6 ], 64 ], [ [ 3, 3, 3, 3, 3, 3, 3, 3 ], 64 ], [ [ 6, 6, 6, 6 ], 64 ] ]
1593|[ 384, 5863 ]|[ [ [ 1, 1, 1, 1, 1, 1, 1, 1, 1, 1, 1, 1, 1, 1, 1, 1, 1, 1, 1, 1, 1, 1, 1, 1 ], 1 ], [ [ 1, 1, 1, 1, 1, 1, 1, 1, 1, 1, 1, 1, 1, 1, 1, 1, 2, 2, 2, 2 ], 3 ], [ [ 1, 1, 1, 1, 1, 1, 1, 1, 1, 1, 1, 1, 1, 1, 1, 1, 2, 2, 2, 2 ], 12 ], [ [ 1, 1, 1, 1, 1, 1, 1, 1, 2, 2, 2, 2, 2, 2, 2, 2 ], 3 ], [ [ 1, 1, 1, 1, 1, 1, 1, 1, 2, 2, 2, 2, 2, 2, 2, 2 ], 12 ], [ [ 1, 1, 1, 1, 1, 1, 1, 1, 4, 4, 4, 4 ], 12 ], [ [ 1, 1, 1, 1, 1, 1, 1, 1, 2, 2, 2, 2, 2, 2, 2, 2 ], 12 ], [ [ 1, 1, 1, 1, 2, 2, 2, 2, 2, 2, 4, 4 ], 24 ], [ [ 1, 1, 1, 1, 2, 2, 2, 2, 2, 2, 4, 4 ], 24 ], [ [ 2, 2, 2, 2, 2, 2, 2, 2, 2, 2, 2, 2 ], 1 ], [ [ 2, 2, 2, 2, 2, 2, 2, 2, 2, 2, 2, 2 ], 12 ], [ [ 2, 2, 2, 2, 4, 4, 4, 4 ], 12 ], [ [ 6, 6, 6, 6 ], 64 ], [ [ 3, 3, 3, 3, 3, 3, 3, 3 ], 64 ], [ [ 6, 6, 6, 6 ], 64 ], [ [ 3, 3, 3, 3, 3, 3, 3, 3 ], 64 ] ]
1594|[ 384, 5863 ]|[ [ [ 1, 1, 1, 1, 1, 1, 1, 1, 1, 1, 1, 1, 1, 1, 1, 1, 1, 1, 1, 1, 1, 1, 1, 1 ], 1 ], [ [ 1, 1, 1, 1, 1, 1, 1, 1, 1, 1, 1, 1, 1, 1, 1, 1, 2, 2, 2, 2 ], 3 ], [ [ 1, 1, 1, 1, 1, 1, 1, 1, 1, 1, 1, 1, 1, 1, 1, 1, 2, 2, 2, 2 ], 12 ], [ [ 1, 1, 1, 1, 1, 1, 1, 1, 2, 2, 2, 2, 2, 2, 2, 2 ], 3 ], [ [ 1, 1, 1, 1, 1, 1, 1, 1, 2, 2, 2, 2, 2, 2, 2, 2 ], 12 ], [ [ 1, 1, 1, 1, 1, 1, 1, 1, 4, 4, 4, 4 ], 12 ], [ [ 1, 1, 1, 1, 1, 1, 1, 1, 2, 2, 2, 2, 2, 2, 2, 2 ], 12 ], [ [ 1, 1, 1, 1, 2, 2, 2, 2, 2, 2, 4, 4 ], 24 ], [ [ 1, 1, 1, 1, 2, 2, 2, 2, 2, 2, 4, 4 ], 24 ], [ [ 2, 2, 2, 2, 2, 2, 2, 2, 2, 2, 2, 2 ], 1 ], [ [ 2, 2, 2, 2, 2, 2, 2, 2, 2, 2, 2, 2 ], 12 ], [ [ 2, 2, 2, 2, 4, 4, 4, 4 ], 12 ], [ [ 6, 6, 6, 6 ], 64 ], [ [ 3, 3, 3, 3, 3, 3, 3, 3 ], 64 ], [ [ 6, 6, 6, 6 ], 64 ], [ [ 3, 3, 3, 3, 3, 3, 3, 3 ], 64 ] ]
