label|malle_b|malle_turkelli_b|malle_wang_b|malle_b_status|malle_b_prp|malle_turkelli_b_prp|malle_wang_b_prp|malle_b_status_prp
text|smallint|smallint|smallint|smallint|smallint|smallint|smallint|smallint

20T1|1|1|1|0|5|5|5|0
20T2|1|1|1|0|4|4|4|0
20T3|3|3|3|0|7|7|7|0
20T4|3|3|3|0|5|5|5|0
20T5|1|1|1|0|3|4|4|1
20T6|1|1|1|0|8|8|8|0
20T7|1|1|1|0|7|7|7|0
20T8|1|1|1|0|11|11|11|0
20T9|1|1|1|0|7|9|9|1
20T10|1|1|1|0|7|7|7|0
20T11|1|1|1|0|7|7|7|0
20T12|1|1|1|0|9|9|9|0
20T13|1|1|1|0|7|9|9|1
20T14|2|2|2|0|5|5|5|0
20T15|1|1|1|0|3|3|3|0
20T16|1|1|1|0|15|19|19|1
20T17|1|1|1|0|4|4|4|0
20T18|1|1|1|0|10|14|14|1
20T19|1|1|1|0|10|14|14|1
20T20|1|1|1|0|12|14|14|1
20T21|1|1|1|0|14|14|14|0
20T22|1|1|1|0|10|14|14|1
20T23|3|3|3|0|4|4|4|0
20T24|1|2|2|1|13|13|13|0
20T25|1|2|2|1|11|13|\N|\N
20T26|1|1|1|0|6|9|9|1
20T27|1|4|4|1|6|14|14|1
20T28|1|2|2|1|9|9|9|0
20T29|1|1|1|0|7|9|9|1
20T30|1|1|1|0|6|6|6|0
20T31|1|1|1|0|7|7|7|0
20T32|1|1|1|0|6|6|6|0
20T33|1|1|1|0|7|7|7|0
20T34|1|1|1|0|9|9|9|0
20T35|1|1|1|0|6|6|6|0
20T36|1|1|1|0|7|7|7|0
20T37|1|1|1|0|8|8|8|0
20T38|1|1|1|0|8|8|8|0
20T39|4|4|4|0|8|8|8|0
20T40|2|2|2|0|9|9|9|0
20T41|1|1|1|0|9|9|9|0
20T42|1|1|1|0|19|24|24|1
20T43|2|2|2|0|8|8|8|0
20T44|2|2|2|0|9|9|9|0
20T45|3|3|3|0|8|8|8|0
20T46|2|2|2|0|9|9|9|0
20T47|2|3|3|1|7|7|7|0
20T48|1|1|1|0|9|9|9|0
20T49|2|4|4|1|13|29|29|1
20T50|2|3|3|1|9|9|9|0
20T51|1|1|1|0|11|14|14|1
20T52|2|4|4|1|13|29|29|1
20T53|1|1|1|0|20|26|26|1
20T54|2|4|4|1|11|19|19|1
20T55|2|3|3|1|9|9|9|0
20T56|2|2|2|0|6|6|6|0
20T57|1|2|2|1|9|9|9|0
20T58|2|3|3|1|15|15|15|0
20T59|2|3|3|1|19|19|19|0
20T60|1|2|2|1|14|14|14|0
20T61|1|1|1|0|10|14|14|1
20T62|1|1|1|0|13|13|13|0
20T63|2|2|2|0|11|11|11|0
20T64|2|2|2|0|15|15|15|0
20T65|1|1|1|0|13|13|13|0
20T66|2|2|2|0|10|10|10|0
20T67|1|1|1|0|4|4|4|0
20T68|1|1|1|0|11|14|14|1
20T69|1|1|1|0|14|14|14|0
20T70|2|2|2|0|13|13|13|0
20T71|2|2|2|0|17|17|17|0
20T72|6|6|6|0|19|19|19|0
20T73|2|2|2|0|17|17|17|0
20T74|1|1|1|0|19|19|19|0
20T75|1|1|1|0|14|14|14|0
20T76|2|2|2|0|17|17|17|0
20T77|2|2|2|0|8|8|8|0
20T78|1|1|1|0|8|8|8|0
20T79|1|1|1|0|8|8|8|0
20T80|3|3|3|0|8|8|8|0
20T81|1|1|1|0|17|17|17|0
20T82|1|1|1|0|13|13|13|0
20T83|1|1|1|0|8|8|8|0
20T84|1|1|1|0|13|13|13|0
20T85|2|2|2|0|17|17|17|0
20T86|1|1|1|0|19|19|19|0
20T87|1|1|1|0|17|17|17|0
20T88|1|1|1|0|8|8|8|0
20T89|1|1|1|0|5|5|5|0
20T90|2|3|3|1|14|14|14|0
20T91|2|4|4|1|19|34|34|1
20T92|1|1|1|0|19|19|19|0
20T93|1|1|1|0|16|19|\N|\N
20T94|1|1|1|0|16|19|\N|\N
20T95|2|3|3|1|16|19|\N|\N
20T96|1|1|1|0|14|14|14|0
20T97|2|3|3|1|14|14|14|0
20T98|2|3|3|1|19|19|19|0
20T99|2|3|3|1|15|15|15|0
20T100|1|1|1|0|19|19|19|0
20T101|2|4|4|1|17|34|34|1
20T102|1|1|1|0|16|19|19|1
20T103|1|1|1|0|21|54|54|1
20T104|2|2|2|0|9|9|9|0
20T105|2|3|\N|\N|15|16|\N|\N
20T106|1|1|1|0|27|29|29|1
20T107|1|1|1|0|9|9|9|0
20T108|2|4|4|1|17|34|34|1
20T109|1|1|1|0|9|9|9|0
20T110|2|2|2|0|13|13|13|0
20T111|2|3|\N|\N|13|15|\N|\N
20T112|2|3|3|1|13|15|\N|\N
20T113|2|2|2|0|13|13|13|0
20T114|2|4|4|1|23|39|39|1
20T115|2|2|2|0|9|9|9|0
20T116|1|1|1|0|17|17|17|0
20T117|1|1|1|0|27|27|27|0
20T118|1|1|1|0|17|17|17|0
20T119|1|1|1|0|19|19|19|0
20T120|1|1|1|0|17|17|17|0
20T121|1|1|1|0|19|24|24|1
20T122|2|2|2|0|7|7|7|0
20T123|1|1|1|0|20|20|20|0
20T124|3|4|4|1|25|26|26|1
20T125|2|8|8|1|14|39|39|1
20T126|2|8|8|1|15|39|39|1
20T127|2|6|6|1|18|34|34|1
20T128|3|4|4|1|19|21|21|1
20T129|1|1|1|0|17|17|17|0
20T130|1|1|1|0|24|24|24|0
20T131|1|1|1|0|17|17|17|0
20T132|1|1|1|0|17|17|17|0
20T133|2|2|2|0|17|17|17|0
20T134|2|2|2|0|17|17|17|0
20T135|1|1|1|0|17|17|17|0
20T136|1|1|1|0|22|22|22|0
20T137|1|1|1|0|17|17|17|0
20T138|1|1|1|0|22|22|22|0
20T139|1|1|1|0|22|22|22|0
20T140|1|1|1|0|17|17|17|0
20T141|1|1|1|0|35|35|35|0
20T142|1|1|1|0|22|22|22|0
20T143|6|6|6|0|35|35|35|0
20T144|1|1|1|0|26|26|26|0
20T145|1|1|1|0|10|10|10|0
20T146|1|1|1|0|7|7|7|0
20T147|2|2|2|0|11|11|11|0
20T148|1|1|1|0|6|6|6|0
20T149|1|1|1|0|10|10|10|0
20T150|1|1|1|0|6|6|6|0
20T151|1|1|1|0|11|11|11|0
20T152|1|1|1|0|11|11|11|0
20T153|1|1|1|0|16|16|16|0
20T154|1|1|1|0|29|29|29|0
20T155|1|1|1|0|14|14|14|0
20T156|1|1|1|0|22|23|\N|\N
20T157|1|1|1|0|21|23|23|1
20T158|1|1|1|0|22|23|23|1
20T159|1|1|1|0|22|25|\N|\N
20T160|1|1|1|0|25|27|\N|\N
20T161|1|1|1|0|14|14|14|0
20T162|1|1|1|0|19|19|19|0
20T163|1|1|1|0|32|64|64|1
20T164|1|1|1|0|19|19|19|0
20T165|1|1|1|0|23|23|23|0
20T166|1|1|1|0|26|29|29|1
20T167|1|1|1|0|14|14|14|0
20T168|1|1|1|0|29|35|35|1
20T169|1|1|1|0|14|14|14|0
20T170|1|1|1|0|22|22|22|0
20T171|2|2|2|0|9|9|9|0
20T172|1|1|1|0|9|9|9|0
20T173|2|2|2|0|9|10|10|1
20T174|1|1|1|0|34|34|34|0
20T175|2|2|2|0|7|7|7|0
20T176|1|1|1|0|7|7|7|0
20T177|1|1|1|0|9|9|9|0
20T178|2|3|3|1|19|25|25|1
20T179|2|3|3|1|17|19|19|1
20T180|3|8|8|1|22|54|54|1
20T181|1|1|1|0|19|25|25|1
20T182|4|5|5|1|35|35|35|0
20T183|4|10|10|1|23|59|59|1
20T184|3|6|6|1|23|39|39|1
20T185|1|1|1|0|23|25|25|1
20T186|1|1|1|0|28|28|28|0
20T187|1|1|1|0|44|44|44|0
20T188|2|2|2|0|10|10|10|0
20T189|1|1|1|0|24|27|24|2
20T190|6|6|6|0|52|52|52|0
20T191|1|1|1|0|26|26|26|0
20T192|1|1|1|0|26|26|26|0
20T193|2|2|2|0|28|28|28|0
20T194|3|3|3|0|26|26|26|0
20T195|1|1|1|0|26|26|26|0
20T196|1|1|1|0|35|35|35|0
20T197|1|1|1|0|13|13|13|0
20T198|2|2|2|0|21|21|21|0
20T199|2|2|2|0|21|21|21|0
20T200|1|1|1|0|12|12|12|0
20T201|1|1|1|0|12|12|12|0
20T202|1|1|1|0|13|13|13|0
20T203|1|1|1|0|19|19|19|0
20T204|1|1|1|0|12|12|12|0
20T205|1|1|1|0|15|15|15|0
20T206|1|1|1|0|20|20|20|0
20T207|1|1|1|0|17|17|17|0
20T208|1|1|1|0|12|12|12|0
20T209|1|1|1|0|9|9|9|0
20T210|1|1|1|0|26|29|26|2
20T211|1|1|1|0|26|29|26|2
20T212|1|1|1|0|29|29|29|0
20T213|1|1|1|0|31|31|31|0
20T214|1|1|1|0|41|43|43|1
20T215|1|1|1|0|29|29|29|0
20T216|2|2|2|0|16|16|16|0
20T217|1|1|1|0|11|11|11|0
20T218|1|1|1|0|17|17|17|0
20T219|1|1|1|0|17|17|17|0
20T220|1|1|1|0|15|15|15|0
20T221|1|1|1|0|11|11|11|0
20T222|1|1|1|0|17|17|17|0
20T223|1|1|1|0|17|17|17|0
20T224|2|2|2|0|19|19|19|0
20T225|2|2|2|0|19|19|19|0
20T226|1|1|1|0|17|17|17|0
20T227|1|1|1|0|15|15|15|0
20T228|1|1|1|0|13|13|13|0
20T229|1|1|1|0|15|15|15|0
20T230|1|1|1|0|19|19|19|0
20T231|4|10|10|1|39|79|79|1
20T232|3|8|8|1|28|59|59|1
20T233|1|1|1|0|26|49|49|1
20T234|1|1|1|0|33|35|35|1
20T235|3|6|6|1|26|49|49|1
20T236|3|6|6|1|21|39|39|1
20T237|1|4|4|1|51|164|164|1
20T238|1|2|2|1|63|91|91|1
20T239|1|1|1|0|17|17|17|0
20T240|6|6|6|0|50|50|50|0
20T241|2|2|2|0|19|19|19|0
20T242|2|2|2|0|19|19|19|0
20T243|4|4|4|0|50|50|50|0
20T244|2|2|2|0|32|34|34|1
20T245|1|1|1|0|21|21|21|0
20T246|2|2|2|0|32|34|34|1
20T247|1|1|1|0|17|17|17|0
20T248|2|2|2|0|19|19|19|0
20T249|2|2|2|0|32|34|34|1
20T250|1|1|1|0|57|57|57|0
20T251|2|2|2|0|21|21|21|0
20T252|2|2|2|0|19|19|19|0
20T253|1|1|1|0|21|21|21|0
20T254|3|3|3|0|21|21|21|0
20T255|2|2|2|0|50|50|50|0
20T256|4|4|4|0|33|33|33|0
20T257|2|2|2|0|33|52|52|1
20T258|2|2|2|0|32|34|34|1
20T259|2|2|2|0|33|52|52|1
20T260|6|6|6|0|50|50|50|0
20T261|1|1|1|0|44|44|44|0
20T262|2|2|2|0|33|33|33|0
20T263|1|1|1|0|105|105|105|0
20T264|1|1|1|0|34|34|34|0
20T265|1|1|1|0|19|19|19|0
20T266|1|1|1|0|25|25|25|0
20T267|2|2|2|0|10|10|10|0
20T268|1|1|1|0|15|15|15|0
20T269|2|2|2|0|16|16|16|0
20T270|1|1|1|0|13|13|13|0
20T271|1|1|1|0|46|54|54|1
20T272|1|1|1|0|6|6|6|0
20T273|1|1|1|0|18|18|18|0
20T274|1|1|1|0|18|18|18|0
20T275|1|1|1|0|35|35|35|0
20T276|1|1|1|0|23|23|23|0
20T277|1|1|1|0|39|39|39|0
20T278|1|1|1|0|23|23|23|0
20T279|2|2|2|0|35|35|35|0
20T280|1|1|1|0|27|27|27|0
20T281|1|1|1|0|21|21|21|0
20T282|1|1|1|0|18|18|18|0
20T283|1|1|1|0|27|27|27|0
20T284|3|3|3|0|31|31|31|0
20T285|2|2|2|0|35|35|35|0
20T286|2|2|2|0|20|20|20|0
20T287|3|3|3|0|31|31|31|0
20T288|1|1|1|0|35|35|35|0
20T289|2|2|2|0|35|35|35|0
20T290|1|1|1|0|29|29|29|0
20T291|1|1|1|0|21|21|21|0
20T292|1|1|1|0|39|69|69|1
20T293|1|2|2|1|52|92|\N|\N
20T294|1|2|2|1|47|69|69|1
20T295|1|4|4|1|61|189|189|1
20T296|1|2|2|1|79|99|99|1
20T297|1|2|1|2|45|80|45|2
20T298|1|2|2|1|64|104|104|1
20T299|1|2|2|1|65|105|105|1
20T300|1|4|4|1|59|179|179|1
20T301|3|3|3|0|35|35|35|0
20T302|2|2|2|0|47|50|50|1
20T303|1|1|1|0|35|35|35|0
20T304|1|1|1|0|67|105|105|1
20T305|1|1|1|0|24|29|24|2
20T306|3|3|3|0|33|33|33|0
20T307|1|1|1|0|101|101|101|0
20T308|2|2|2|0|33|33|33|0
20T309|1|1|1|0|24|29|24|2
20T310|1|1|1|0|29|29|29|0
20T311|1|1|1|0|32|32|32|0
20T312|1|1|1|0|24|29|24|2
20T313|1|1|1|0|65|69|69|1
20T314|1|1|1|0|29|29|29|0
20T315|1|1|1|0|29|29|29|0
20T316|2|2|2|0|33|33|33|0
20T317|3|3|3|0|33|33|33|0
20T318|1|1|1|0|61|69|61|2
20T319|1|1|1|0|65|69|69|1
20T320|1|1|1|0|31|31|31|0
20T321|1|1|1|0|29|29|29|0
20T322|1|1|1|0|101|101|101|0
20T323|1|1|1|0|32|32|32|0
20T324|1|1|1|0|39|39|39|0
20T325|1|1|1|0|39|39|39|0
20T326|1|1|1|0|67|105|105|1
20T327|1|1|1|0|65|69|69|1
20T328|2|2|2|0|47|47|47|0
20T329|1|1|1|0|67|67|67|0
20T330|3|3|3|0|33|33|33|0
20T331|1|1|1|0|43|43|43|0
20T332|1|1|1|0|24|29|24|2
20T333|1|1|1|0|62|62|62|0
20T334|1|1|1|0|85|85|85|0
20T335|1|1|1|0|110|110|110|0
20T336|1|1|1|0|43|43|43|0
20T337|1|1|1|0|32|32|32|0
20T338|3|3|3|0|33|33|33|0
20T339|2|2|2|0|47|50|50|1
20T340|5|5|5|0|67|67|67|0
20T341|3|3|3|0|211|211|211|0
20T342|3|3|3|0|35|35|35|0
20T343|2|2|2|0|47|47|47|0
20T344|5|5|5|0|62|62|62|0
20T345|1|1|1|0|26|26|26|0
20T346|2|2|2|0|47|50|50|1
20T347|7|7|7|0|101|101|101|0
20T348|1|1|1|0|101|101|101|0
20T349|2|2|2|0|35|35|35|0
20T350|7|7|7|0|85|85|85|0
20T351|1|1|1|0|24|29|24|2
20T352|2|2|2|0|35|35|35|0
20T353|1|1|1|0|26|26|26|0
20T354|1|1|1|0|39|39|39|0
20T355|4|4|4|0|47|47|47|0
20T356|2|2|2|0|47|50|50|1
20T357|4|4|4|0|47|47|47|0
20T358|1|1|1|0|15|15|15|0
20T359|2|3|3|1|19|27|\N|\N
20T360|2|3|3|1|18|23|\N|\N
20T361|1|1|1|0|25|25|25|0
20T362|1|1|1|0|11|11|11|0
20T363|1|1|1|0|14|14|14|0
20T364|1|1|1|0|32|32|32|0
20T365|1|1|1|0|38|38|38|0
20T366|1|1|1|0|45|45|45|0
20T367|2|2|2|0|31|31|31|0
20T368|1|1|1|0|71|71|71|0
20T369|1|1|1|0|53|53|53|0
20T370|1|1|1|0|45|45|45|0
20T371|2|2|2|0|35|35|35|0
20T372|2|2|2|0|21|21|21|0
20T373|1|1|1|0|49|49|49|0
20T374|2|2|2|0|18|18|18|0
20T375|1|1|1|0|45|45|45|0
20T376|2|2|2|0|31|31|31|0
20T377|1|2|2|1|50|74|74|1
20T378|2|3|3|1|49|81|\N|\N
20T379|1|2|2|1|61|85|85|1
20T380|1|2|2|1|44|60|60|1
20T381|1|2|2|1|34|52|\N|\N
20T382|1|1|1|0|54|54|54|0
20T383|1|2|2|1|74|118|118|1
20T384|1|4|4|1|65|184|184|1
20T385|1|1|1|0|44|60|60|1
20T386|2|3|\N|\N|34|52|\N|\N
20T387|1|2|2|1|45|69|\N|\N
20T388|1|4|4|1|49|139|139|1
20T389|1|2|2|1|55|81|81|1
20T390|1|2|\N|\N|41|66|\N|\N
20T391|2|3|3|1|50|74|74|1
20T392|1|1|1|0|43|43|43|0
20T393|1|4|4|1|83|219|219|1
20T394|1|2|2|1|38|66|\N|\N
20T395|2|3|3|1|61|85|85|1
20T396|1|2|\N|\N|38|66|\N|\N
20T397|1|2|\N|\N|32|54|\N|\N
20T398|1|4|4|1|68|209|209|1
20T399|1|1|1|0|32|54|\N|\N
20T400|1|1|1|0|55|55|55|0
20T401|1|4|4|1|56|149|149|1
20T402|1|1|1|0|38|66|\N|\N
20T403|1|2|2|1|79|115|115|1
20T404|1|1|1|0|80|80|80|0
20T405|1|1|1|0|82|82|82|0
20T406|1|1|1|0|67|67|67|0
20T407|1|1|1|0|50|50|50|0
20T408|2|2|2|0|154|154|154|0
20T409|1|1|1|0|120|120|120|0
20T410|1|1|1|0|50|50|50|0
20T411|1|1|1|0|36|36|36|0
20T412|3|3|3|0|203|203|203|0
20T413|1|1|1|0|48|48|48|0
20T414|1|1|1|0|50|50|50|0
20T415|1|1|1|0|50|50|50|0
20T416|1|1|1|0|36|36|36|0
20T417|1|1|1|0|36|36|36|0
20T418|1|1|1|0|116|122|122|1
20T419|1|1|1|0|36|36|36|0
20T420|1|1|1|0|36|36|36|0
20T421|5|5|5|0|76|76|76|0
20T422|1|1|1|0|67|67|67|0
20T423|1|1|1|0|154|154|154|0
20T424|1|1|1|0|100|139|139|1
20T425|1|1|1|0|95|101|101|1
20T426|5|5|5|0|80|80|80|0
20T427|2|2|2|0|120|120|120|0
20T428|4|4|4|0|67|67|67|0
20T429|4|4|4|0|67|67|67|0
20T430|5|5|5|0|95|95|95|0
20T431|1|1|1|0|76|101|101|1
20T432|1|1|1|0|120|211|211|1
20T433|1|1|1|0|54|54|54|0
20T434|1|1|1|0|49|59|49|2
20T435|2|2|2|0|36|36|36|0
20T436|1|1|1|0|52|52|52|0
20T437|1|1|1|0|36|36|36|0
20T438|1|1|1|0|71|71|71|0
20T439|1|1|1|0|95|95|95|0
20T440|5|5|5|0|82|82|82|0
20T441|2|2|2|0|36|36|36|0
20T442|1|1|1|0|71|71|71|0
20T443|1|1|1|0|49|59|49|2
20T444|1|1|1|0|67|67|67|0
20T445|1|1|1|0|76|76|76|0
20T446|1|1|1|0|76|101|101|1
20T447|1|1|1|0|49|59|49|2
20T448|1|1|1|0|49|59|49|2
20T449|1|1|1|0|67|67|67|0
20T450|1|1|1|0|50|50|50|0
20T451|1|1|1|0|95|101|101|1
20T452|1|1|1|0|19|19|19|0
20T453|1|1|1|0|18|18|18|0
20T454|1|1|1|0|31|39|\N|\N
20T455|2|2|2|0|21|21|21|0
20T456|2|2|2|0|24|24|24|0
20T457|2|2|2|0|18|18|18|0
20T458|2|2|2|0|29|29|29|0
20T459|1|1|1|0|24|24|24|0
20T460|2|2|2|0|25|29|\N|\N
20T461|1|1|1|0|18|18|18|0
20T462|1|1|1|0|53|53|53|0
20T463|1|1|1|0|35|38|38|1
20T464|1|1|1|0|39|39|39|0
20T465|1|1|1|0|30|30|30|0
20T466|1|1|1|0|89|89|89|0
20T467|1|1|1|0|24|24|24|0
20T468|3|3|3|0|34|34|34|0
20T469|1|1|1|0|73|73|73|0
20T470|2|2|2|0|34|34|34|0
20T471|1|1|1|0|17|17|17|0
20T472|1|1|1|0|20|20|20|0
20T473|4|5|5|1|40|58|\N|\N
20T474|1|2|2|1|58|91|\N|\N
20T475|2|3|3|1|38|45|45|1
20T476|2|3|3|1|43|57|57|1
20T477|2|2|2|0|52|80|80|1
20T478|2|2|2|0|34|54|\N|\N
20T479|3|4|\N|\N|34|54|\N|\N
20T480|1|2|2|1|52|80|80|1
20T481|2|3|3|1|64|66|66|1
20T482|1|1|1|0|64|64|64|0
20T483|1|2|2|1|66|99|99|1
20T484|2|3|3|1|36|45|\N|\N
20T485|2|2|2|0|49|49|49|0
20T486|2|3|3|1|85|135|135|1
20T487|2|3|3|1|40|58|\N|\N
20T488|2|2|2|0|43|57|57|1
20T489|3|4|4|1|40|58|\N|\N
20T490|1|1|1|0|46|46|46|0
20T491|2|3|3|1|77|105|105|1
20T492|2|2|2|0|46|46|46|0
20T493|1|2|2|1|35|47|\N|\N
20T494|2|3|3|1|35|47|\N|\N
20T495|2|3|3|1|40|58|\N|\N
20T496|2|2|2|0|26|37|\N|\N
20T497|2|2|2|0|35|47|\N|\N
20T498|2|3|\N|\N|26|37|\N|\N
20T499|2|3|3|1|49|54|54|1
20T500|4|5|5|1|64|66|66|1
20T501|2|2|2|0|32|33|32|2
20T502|2|2|2|0|45|45|45|0
20T503|1|4|4|1|85|229|229|1
20T504|2|2|2|0|32|32|32|0
20T505|2|3|3|1|55|85|\N|\N
20T506|2|3|3|1|40|58|58|1
20T507|2|3|3|1|52|56|56|1
20T508|2|3|\N|\N|57|87|\N|\N
20T509|1|2|2|1|43|57|57|1
20T510|1|1|1|0|59|61|59|2
20T511|3|3|3|0|73|73|73|0
20T512|1|1|1|0|64|67|67|1
20T513|1|1|1|0|118|118|118|0
20T514|3|3|3|0|64|64|64|0
20T515|1|1|1|0|73|73|73|0
20T516|1|1|1|0|73|73|73|0
20T517|1|1|1|0|79|119|79|2
20T518|1|1|1|0|73|73|73|0
20T519|1|1|1|0|87|110|87|2
20T520|1|1|1|0|64|67|67|1
20T521|1|1|1|0|146|203|203|1
20T522|2|2|2|0|146|146|146|0
20T523|1|1|1|0|63|63|63|0
20T524|3|3|3|0|59|61|59|2
20T525|1|1|1|0|146|146|146|0
20T526|2|2|2|0|118|118|118|0
20T527|1|1|1|0|86|86|86|0
20T528|3|3|3|0|135|135|135|0
20T529|3|3|3|0|63|63|63|0
20T530|1|1|1|0|64|64|64|0
20T531|1|1|1|0|36|36|36|0
20T532|1|1|1|0|27|27|27|0
20T533|2|2|2|0|36|36|36|0
20T534|3|3|3|0|38|43|43|1
20T535|2|2|2|0|30|35|35|1
20T536|2|2|2|0|30|35|35|1
20T537|2|2|2|0|36|36|36|0
20T538|3|3|3|0|43|43|43|0
20T539|2|2|2|0|34|34|34|0
20T540|1|1|1|0|34|34|34|0
20T541|3|3|3|0|37|37|37|0
20T542|2|2|2|0|34|34|34|0
20T543|3|3|3|0|41|41|41|0
20T544|3|3|3|0|34|34|34|0
20T545|3|3|3|0|37|37|37|0
20T546|2|2|2|0|46|54|54|1
20T547|2|2|2|0|38|38|38|0
20T548|3|3|3|0|49|49|49|0
20T549|1|1|1|0|63|63|63|0
20T550|1|2|\N|\N|23|35|\N|\N
20T551|1|4|4|1|42|114|114|1
20T552|1|1|1|0|29|29|29|0
20T553|1|4|4|1|40|109|109|1
20T554|1|2|2|1|39|50|\N|\N
20T555|3|3|3|0|62|62|62|0
20T556|1|1|1|0|38|38|38|0
20T557|1|1|1|0|86|86|86|0
20T558|2|2|2|0|38|38|38|0
20T559|1|1|1|0|30|30|30|0
20T560|1|1|1|0|37|37|37|0
20T561|1|1|1|0|69|69|69|0
20T562|1|1|1|0|38|38|38|0
20T563|1|1|1|0|52|52|52|0
20T564|2|2|2|0|36|36|36|0
20T565|1|1|1|0|49|49|49|0
20T566|1|1|1|0|36|36|36|0
20T567|4|4|4|0|62|62|62|0
20T568|2|2|2|0|43|43|43|0
20T569|1|1|1|0|38|38|38|0
20T570|2|2|2|0|47|47|47|0
20T571|1|1|1|0|37|37|37|0
20T572|1|1|1|0|72|72|72|0
20T573|1|1|1|0|43|43|43|0
20T574|2|3|3|1|41|47|47|1
20T575|2|2|2|0|26|26|26|0
20T576|2|2|2|0|34|49|\N|\N
20T577|2|2|2|0|27|33|\N|\N
20T578|2|3|3|1|101|151|151|1
20T579|2|2|2|0|50|50|50|0
20T580|2|3|3|1|40|45|45|1
20T581|4|5|5|1|98|98|98|0
20T582|2|2|2|0|40|56|56|1
20T583|3|4|\N|\N|34|49|\N|\N
20T584|2|2|2|0|26|26|26|0
20T585|2|2|2|0|40|45|45|1
20T586|2|2|2|0|33|43|\N|\N
20T587|2|2|2|0|50|50|50|0
20T588|2|3|3|1|51|66|\N|\N
20T589|2|3|3|1|62|67|67|1
20T590|2|2|2|0|38|38|38|0
20T591|3|4|4|1|51|66|\N|\N
20T592|2|2|2|0|51|57|51|2
20T593|4|4|4|0|54|54|54|0
20T594|4|4|4|0|34|35|34|2
20T595|2|3|3|1|61|61|61|0
20T596|4|4|4|0|32|32|32|0
20T597|2|2|2|0|30|36|30|2
20T598|3|4|\N|\N|34|49|\N|\N
20T599|2|2|2|0|43|56|\N|\N
20T600|2|2|2|0|79|79|79|0
20T601|2|2|2|0|27|33|\N|\N
20T602|2|3|3|1|66|85|85|1
20T603|2|2|2|0|50|58|58|1
20T604|4|4|4|0|62|67|67|1
20T605|2|2|2|0|26|26|26|0
20T606|3|4|4|1|50|58|58|1
20T607|4|4|4|0|50|50|50|0
20T608|3|4|4|1|43|56|\N|\N
20T609|3|4|4|1|49|79|79|1
20T610|3|3|3|0|29|29|29|0
20T611|4|5|5|1|51|66|\N|\N
20T612|3|4|\N|\N|33|43|\N|\N
20T613|1|1|1|0|66|85|85|1
20T614|1|1|1|0|49|79|79|1
20T615|3|4|4|1|66|85|85|1
20T616|4|4|4|0|46|56|56|1
20T617|2|2|2|0|49|79|79|1
20T618|2|3|3|1|54|64|64|1
20T619|2|2|2|0|43|43|43|0
20T620|2|2|2|0|51|57|51|2
20T621|4|4|4|0|36|37|36|2
20T622|2|2|2|0|40|40|40|0
20T623|3|4|4|1|54|64|64|1
20T624|2|2|2|0|36|37|36|2
20T625|3|4|4|1|40|56|56|1
20T626|2|2|2|0|61|61|61|0
20T627|3|4|4|1|46|56|56|1
20T628|4|4|4|0|40|40|40|0
20T629|4|5|5|1|54|64|64|1
20T630|2|2|2|0|41|47|47|1
20T631|3|3|3|0|159|159|159|0
20T632|2|2|2|0|107|107|107|0
20T633|1|1|1|0|107|107|107|0
20T634|1|1|1|0|107|135|135|1
20T635|1|1|1|0|19|19|19|0
20T636|3|3|3|0|61|71|71|1
20T637|2|2|2|0|54|54|54|0
20T638|2|2|2|0|54|54|54|0
20T639|3|3|3|0|61|71|71|1
20T640|3|3|3|0|63|63|63|0
20T641|2|2|2|0|54|54|54|0
20T642|3|3|3|0|73|73|73|0
20T643|1|1|1|0|21|21|21|0
20T644|1|1|1|0|27|27|27|0
20T645|1|1|1|0|33|35|35|1
20T646|1|1|1|0|31|31|31|0
20T647|1|1|1|0|71|83|83|1
20T648|1|1|1|0|33|35|35|1
20T649|2|2|2|0|54|54|54|0
20T650|1|1|1|0|31|31|31|0
20T651|1|1|1|0|21|21|21|0
20T652|1|1|1|0|27|27|27|0
20T653|3|3|3|0|59|59|59|0
20T654|1|1|1|0|62|62|62|0
20T655|3|3|3|0|69|69|69|0
20T656|1|1|1|0|69|69|69|0
20T657|3|3|3|0|62|62|62|0
20T658|3|3|3|0|75|75|75|0
20T659|3|3|3|0|63|63|63|0
20T660|1|4|4|1|69|189|189|1
20T661|2|2|2|0|34|34|34|0
20T662|1|2|2|1|37|49|\N|\N
20T663|3|3|3|0|73|73|73|0
20T664|1|1|1|0|125|125|125|0
20T665|1|1|1|0|75|75|75|0
20T666|3|3|3|0|77|77|77|0
20T667|1|1|1|0|68|68|68|0
20T668|1|1|1|0|73|73|73|0
20T669|1|1|1|0|125|125|125|0
20T670|1|1|1|0|82|82|82|0
20T671|1|1|1|0|77|77|77|0
20T672|3|3|3|0|63|63|63|0
20T673|1|1|1|0|87|87|87|0
20T674|2|2|2|0|71|71|71|0
20T675|2|2|2|0|68|68|68|0
20T676|2|2|2|0|71|71|71|0
20T677|1|1|1|0|84|84|84|0
20T678|1|1|1|0|51|51|51|0
20T679|1|1|1|0|75|75|75|0
20T680|1|1|1|0|77|77|77|0
20T681|1|1|1|0|68|68|68|0
20T682|1|1|1|0|68|68|68|0
20T683|1|1|1|0|54|54|54|0
20T684|1|1|1|0|68|68|68|0
20T685|1|1|1|0|77|77|77|0
20T686|1|1|1|0|63|63|63|0
20T687|2|2|2|0|68|68|68|0
20T688|1|1|1|0|62|62|62|0
20T689|3|3|3|0|139|139|139|0
20T690|1|1|1|0|77|77|77|0
20T691|2|2|2|0|68|68|68|0
20T692|3|3|3|0|68|68|68|0
20T693|1|1|1|0|95|95|95|0
20T694|3|3|3|0|62|62|62|0
20T695|1|1|1|0|83|83|83|0
20T696|3|3|3|0|62|62|62|0
20T697|3|4|4|1|92|105|105|1
20T698|2|2|2|0|31|31|31|0
20T699|3|3|3|0|34|41|34|2
20T700|3|4|4|1|62|83|83|1
20T701|3|3|3|0|62|83|83|1
20T702|4|4|4|0|52|58|52|2
20T703|2|2|2|0|52|64|\N|\N
20T704|1|1|1|0|70|70|70|0
20T705|2|2|2|0|74|104|104|1
20T706|3|3|3|0|52|58|52|2
20T707|3|3|3|0|47|47|47|0
20T708|4|4|4|0|37|41|37|2
20T709|4|4|4|0|55|55|55|0
20T710|3|3|3|0|55|62|62|1
20T711|2|2|2|0|56|74|\N|\N
20T712|4|4|4|0|78|78|78|0
20T713|1|1|1|0|56|74|\N|\N
20T714|2|2|2|0|29|31|\N|\N
20T715|3|4|4|1|56|74|\N|\N
20T716|2|2|2|0|43|43|43|0
20T717|2|2|2|0|43|43|43|0
20T718|2|2|2|0|58|59|59|1
20T719|3|3|3|0|55|55|55|0
20T720|3|3|3|0|29|33|29|2
20T721|4|4|4|0|75|75|75|0
20T722|1|1|1|0|74|104|104|1
20T723|2|2|2|0|70|70|70|0
20T724|3|4|4|1|75|75|75|0
20T725|3|4|4|1|52|64|\N|\N
20T726|2|2|2|0|92|104|104|1
20T727|1|1|1|0|62|83|83|1
20T728|1|1|1|0|50|50|50|0
20T729|4|4|4|0|50|50|50|0
20T730|4|4|4|0|47|47|47|0
20T731|1|1|1|0|44|45|44|2
20T732|2|2|2|0|32|35|35|1
20T733|3|4|4|1|55|62|62|1
20T734|4|4|4|0|58|59|59|1
20T735|1|1|1|0|62|62|62|0
20T736|4|4|4|0|46|48|46|2
20T737|2|2|2|0|43|43|43|0
20T738|2|2|2|0|50|50|50|0
20T739|2|2|2|0|39|47|47|1
20T740|3|3|3|0|47|47|47|0
20T741|4|4|4|0|58|58|58|0
20T742|4|4|4|0|44|44|44|0
20T743|1|1|1|0|92|105|105|1
20T744|4|4|4|0|38|43|38|2
20T745|3|3|3|0|136|136|136|0
20T746|3|3|3|0|149|149|149|0
20T747|3|3|3|0|317|317|317|0
20T748|3|3|3|0|149|149|149|0
20T749|1|1|1|0|319|319|319|0
20T750|3|3|3|0|149|149|149|0
20T751|4|4|4|0|319|319|319|0
20T752|1|1|1|0|31|31|31|0
20T753|2|2|2|0|35|35|35|0
20T754|1|1|1|0|33|33|33|0
20T755|3|3|3|0|100|109|109|1
20T756|3|3|3|0|109|109|109|0
20T757|2|2|2|0|43|43|43|0
20T758|2|2|2|0|43|43|43|0
20T759|2|2|2|0|57|65|65|1
20T760|3|3|3|0|109|109|109|0
20T761|2|2|2|0|67|71|71|1
20T762|2|2|2|0|53|53|53|0
20T763|1|1|1|0|51|51|51|0
20T764|1|1|1|0|51|51|51|0
20T765|2|2|2|0|56|57|57|1
20T766|2|2|2|0|63|63|63|0
20T767|1|1|1|0|51|51|51|0
20T768|2|2|2|0|55|55|55|0
20T769|1|1|1|0|51|51|51|0
20T770|1|1|1|0|38|38|38|0
20T771|3|3|3|0|100|109|109|1
20T772|1|1|1|0|38|38|38|0
20T773|1|1|1|0|38|38|38|0
20T774|2|2|2|0|51|51|51|0
20T775|2|2|2|0|51|51|51|0
20T776|1|1|1|0|105|135|135|1
20T777|1|1|1|0|38|38|38|0
20T778|2|2|2|0|59|64|64|1
20T779|2|2|2|0|55|64|64|1
20T780|1|1|1|0|117|119|119|1
20T781|1|1|1|0|118|118|118|0
20T782|2|3|\N|\N|40|53|\N|\N
20T783|2|3|3|1|47|54|\N|\N
20T784|2|2|2|0|37|37|37|0
20T785|2|3|\N|\N|30|39|\N|\N
20T786|2|2|2|0|55|55|55|0
20T787|2|2|2|0|25|25|25|0
20T788|1|1|1|0|38|38|38|0
20T789|2|3|\N|\N|28|38|\N|\N
20T790|1|1|1|0|112|112|112|0
20T791|1|1|1|0|150|150|150|0
20T792|1|1|1|0|104|104|104|0
20T793|1|1|1|0|104|125|\N|\N
20T794|3|3|3|0|137|137|137|0
20T795|2|2|2|0|108|108|108|0
20T796|3|3|3|0|102|102|102|0
20T797|3|3|3|0|104|104|104|0
20T798|1|1|1|0|112|112|112|0
20T799|3|3|3|0|251|251|251|0
20T800|1|1|1|0|102|102|102|0
20T801|1|1|1|0|104|125|\N|\N
20T802|3|3|3|0|112|112|112|0
20T803|1|1|1|0|108|108|108|0
20T804|1|1|1|0|137|137|137|0
20T805|2|2|2|0|112|112|112|0
20T806|1|1|1|0|110|139|139|1
20T807|1|1|1|0|137|137|137|0
20T808|1|1|1|0|134|134|134|0
20T809|1|1|1|0|70|70|70|0
20T810|1|1|1|0|137|137|137|0
20T811|1|1|1|0|67|67|67|0
20T812|1|1|1|0|112|139|139|1
20T813|3|3|3|0|56|56|56|0
20T814|1|1|1|0|52|64|52|2
20T815|4|4|4|0|79|79|79|0
20T816|1|1|1|0|75|81|75|2
20T817|3|3|3|0|49|55|55|1
20T818|4|4|4|0|49|60|49|2
20T819|3|3|3|0|91|91|91|0
20T820|4|4|4|0|52|61|61|1
20T821|3|3|3|0|72|72|72|0
20T822|3|3|3|0|82|82|82|0
20T823|3|3|3|0|39|50|39|2
20T824|3|3|3|0|75|81|75|2
20T825|3|3|3|0|53|59|53|2
20T826|3|3|3|0|42|45|42|2
20T827|3|3|3|0|42|53|42|2
20T828|3|3|3|0|45|55|45|2
20T829|3|3|3|0|100|118|118|1
20T830|1|1|1|0|46|55|46|2
20T831|1|1|1|0|56|58|58|1
20T832|3|3|3|0|39|51|39|2
20T833|3|3|3|0|52|52|52|0
20T834|1|1|1|0|69|69|69|0
20T835|3|3|3|0|80|80|80|0
20T836|4|4|4|0|77|77|77|0
20T837|4|4|4|0|63|68|68|1
20T838|1|1|1|0|82|82|82|0
20T839|3|3|3|0|46|47|46|2
20T840|3|3|3|0|49|57|49|2
20T841|4|4|4|0|61|67|61|2
20T842|1|1|1|0|100|118|118|1
20T843|1|1|1|0|91|91|91|0
20T844|3|3|3|0|271|271|271|0
20T845|3|3|3|0|260|260|260|0
20T846|1|1|1|0|633|633|633|0
20T847|2|2|2|0|95|95|95|0
20T848|4|4|4|0|259|259|259|0
20T849|1|1|1|0|275|275|275|0
20T850|2|2|2|0|95|95|95|0
20T851|2|2|2|0|95|95|95|0
20T852|1|1|1|0|259|259|259|0
20T853|4|4|4|0|275|275|275|0
20T854|2|2|2|0|95|95|95|0
20T855|2|2|2|0|59|59|59|0
20T856|1|1|1|0|42|42|42|0
20T857|1|1|1|0|39|39|39|0
20T858|1|1|1|0|54|54|54|0
20T859|1|1|1|0|101|121|121|1
20T860|1|1|1|0|56|65|65|1
20T861|1|1|1|0|77|79|77|2
20T862|1|1|1|0|95|95|95|0
20T863|2|2|2|0|71|73|71|2
20T864|1|1|1|0|56|65|65|1
20T865|2|2|2|0|77|77|77|0
20T866|2|2|2|0|77|77|77|0
20T867|2|2|2|0|87|87|87|0
20T868|2|2|2|0|91|91|91|0
20T869|1|1|1|0|56|65|65|1
20T870|2|2|2|0|94|94|94|0
20T871|2|2|2|0|87|87|87|0
20T872|2|2|2|0|103|103|103|0
20T873|1|1|1|0|56|65|65|1
20T874|1|1|1|0|87|87|87|0
20T875|2|2|2|0|89|89|89|0
20T876|1|1|1|0|191|209|209|1
20T877|2|3|3|1|52|57|\N|\N
20T878|1|1|1|0|36|36|36|0
20T879|2|3|\N|\N|48|65|\N|\N
20T880|2|3|3|1|71|92|\N|\N
20T881|1|1|1|0|47|60|\N|\N
20T882|1|1|1|0|65|65|65|0
20T883|1|1|1|0|50|61|\N|\N
20T884|2|3|\N|\N|44|55|\N|\N
20T885|1|1|1|0|200|251|251|1
20T886|2|2|2|0|200|200|200|0
20T887|1|1|1|0|200|200|200|0
20T888|1|1|1|0|27|27|27|0
20T889|1|1|1|0|71|90|90|1
20T890|3|3|3|0|78|78|78|0
20T891|1|1|1|0|135|135|135|0
20T892|1|1|1|0|70|90|90|1
20T893|1|1|1|0|116|116|116|0
20T894|3|3|3|0|68|68|68|0
20T895|3|3|3|0|62|67|62|2
20T896|3|3|3|0|70|70|70|0
20T897|1|1|1|0|78|103|78|2
20T898|3|3|3|0|52|59|52|2
20T899|1|1|1|0|90|109|108|3
20T900|3|3|3|0|59|65|59|2
20T901|1|1|1|0|73|81|81|1
20T902|1|1|1|0|74|101|74|2
20T903|3|3|3|0|81|81|81|0
20T904|3|3|3|0|65|71|65|2
20T905|1|1|1|0|506|506|506|0
20T906|2|2|2|0|162|162|162|0
20T907|3|3|3|0|166|166|166|0
20T908|1|1|1|0|171|171|171|0
20T909|2|2|2|0|160|160|160|0
20T910|1|1|1|0|166|166|166|0
20T911|3|3|3|0|171|171|171|0
20T912|1|1|1|0|98|98|98|0
20T913|1|1|1|0|36|36|36|0
20T914|1|1|1|0|74|74|74|0
20T915|1|1|1|0|79|79|79|0
20T916|1|1|1|0|74|74|74|0
20T917|1|1|1|0|37|37|37|0
20T918|1|1|1|0|72|72|72|0
20T919|1|1|1|0|41|41|41|0
20T920|1|1|1|0|37|37|37|0
20T921|1|1|1|0|68|68|68|0
20T922|1|1|1|0|53|53|53|0
20T923|2|2|2|0|113|131|131|1
20T924|2|2|2|0|106|131|106|2
20T925|1|1|1|0|165|165|165|0
20T926|2|2|2|0|113|131|131|1
20T927|2|2|2|0|106|131|106|2
20T928|1|1|1|0|139|147|139|2
20T929|1|1|1|0|44|44|44|0
20T930|2|2|2|0|40|40|40|0
20T931|1|1|1|0|44|44|44|0
20T932|1|1|1|0|85|104|\N|\N
20T933|2|2|2|0|86|86|86|0
20T934|1|1|1|0|48|48|48|0
20T935|1|1|1|0|30|30|30|0
20T936|1|1|1|0|34|34|34|0
20T937|1|1|1|0|40|40|40|0
20T938|1|1|1|0|26|31|\N|\N
20T939|1|1|1|0|20|20|20|0
20T940|1|1|1|0|100|119|100|2
20T941|1|1|1|0|94|113|113|1
20T942|1|1|1|0|118|123|123|1
20T943|1|1|1|0|83|111|83|2
20T944|1|1|1|0|112|179|112|2
20T945|1|1|1|0|139|189|189|1
20T946|1|1|1|0|305|305|305|0
20T947|1|1|1|0|67|67|67|0
20T948|1|1|1|0|70|70|70|0
20T949|1|1|1|0|61|61|61|0
20T950|1|1|1|0|128|128|128|0
20T951|1|1|1|0|59|59|59|0
20T952|1|1|1|0|66|66|66|0
20T953|1|1|1|0|144|144|144|0
20T954|1|1|1|0|61|61|61|0
20T955|1|1|1|0|198|252|252|1
20T956|1|1|1|0|56|56|56|0
20T957|1|1|1|0|55|56|56|1
20T958|1|1|1|0|52|73|73|1
20T959|2|2|2|0|52|52|52|0
20T960|1|1|1|0|58|58|58|0
20T961|2|2|2|0|67|67|67|0
20T962|2|2|2|0|144|144|144|0
20T963|3|3|3|0|159|159|159|0
20T964|2|2|2|0|149|149|149|0
20T965|2|2|2|0|144|144|144|0
20T966|2|2|2|0|138|138|138|0
20T967|2|2|2|0|147|147|147|0
20T968|1|1|1|0|159|159|159|0
20T969|1|1|1|0|39|39|39|0
20T970|1|1|1|0|39|39|39|0
20T971|1|1|1|0|47|55|\N|\N
20T972|1|1|1|0|34|34|34|0
20T973|2|2|2|0|76|76|76|0
20T974|1|1|1|0|37|37|37|0
20T975|1|1|1|0|35|35|35|0
20T976|1|1|1|0|39|39|39|0
20T977|1|1|1|0|57|57|57|0
20T978|1|1|1|0|35|35|35|0
20T979|2|2|2|0|110|110|110|0
20T980|1|1|1|0|149|209|209|1
20T981|1|1|1|0|114|114|114|0
20T982|1|1|1|0|82|86|86|1
20T983|1|1|1|0|45|49|45|2
20T984|1|1|1|0|41|44|41|2
20T985|1|1|1|0|66|66|66|0
20T986|1|1|1|0|95|95|95|0
20T987|1|1|1|0|70|70|70|0
20T988|1|1|1|0|74|74|74|0
20T989|3|3|3|0|261|261|261|0
20T990|2|2|2|0|261|261|261|0
20T991|1|1|1|0|261|261|261|0
20T992|1|1|1|0|279|279|279|0
20T993|2|2|2|0|256|256|256|0
20T994|3|3|3|0|279|279|279|0
20T995|1|1|1|0|281|281|281|0
20T996|1|1|1|0|72|72|72|0
20T997|1|1|1|0|63|63|63|0
20T998|1|1|1|0|70|70|70|0
20T999|1|1|1|0|56|56|56|0
20T1000|1|1|1|0|58|58|58|0
20T1001|1|1|1|0|54|54|54|0
20T1002|2|3|3|1|100|139|139|1
20T1003|2|2|2|0|116|122|122|1
20T1004|2|3|3|1|120|211|211|1
20T1005|1|1|1|0|67|67|67|0
20T1006|2|2|2|0|45|45|45|0
20T1007|2|2|2|0|41|41|41|0
20T1008|2|2|2|0|133|133|133|0
20T1009|1|1|1|0|112|112|112|0
20T1010|2|2|2|0|123|133|\N|\N
20T1011|1|1|1|0|98|98|98|0
20T1012|1|1|1|0|98|98|98|0
20T1013|1|1|1|0|112|112|112|0
20T1014|1|1|1|0|125|125|125|0
20T1015|1|1|1|0|505|505|505|0
20T1016|1|1|1|0|103|103|103|0
20T1017|2|3|2|2|77|119|77|2
20T1018|2|2|2|0|81|110|81|2
20T1019|1|1|1|0|53|53|53|0
20T1020|2|3|3|1|146|203|203|1
20T1021|1|1|1|0|83|83|83|0
20T1022|1|1|1|0|188|188|188|0
20T1023|1|1|1|0|235|255|255|1
20T1024|2|2|2|0|197|197|197|0
20T1025|2|2|2|0|197|197|197|0
20T1026|1|1|1|0|188|188|188|0
20T1027|2|2|2|0|197|197|197|0
20T1028|2|2|2|0|225|225|225|0
20T1029|2|2|2|0|205|205|205|0
20T1030|2|2|2|0|188|188|188|0
20T1031|1|1|1|0|188|188|188|0
20T1032|2|3|3|1|107|135|135|1
20T1033|1|1|1|0|74|74|74|0
20T1034|1|1|1|0|72|72|72|0
20T1035|1|1|1|0|87|87|87|0
20T1036|1|1|1|0|391|391|391|0
20T1037|1|1|1|0|363|363|363|0
20T1038|2|2|2|0|377|377|377|0
20T1039|3|3|3|0|359|359|359|0
20T1040|3|3|3|0|377|377|377|0
20T1041|2|2|2|0|359|359|359|0
20T1042|2|2|2|0|96|96|96|0
20T1043|4|4|4|0|317|317|317|0
20T1044|1|1|1|0|128|128|128|0
20T1045|1|1|1|0|701|701|701|0
20T1046|2|3|3|1|122|163|163|1
20T1047|2|3|3|1|112|139|139|1
20T1048|2|2|2|0|150|150|150|0
20T1049|4|4|4|0|260|260|260|0
20T1050|1|1|1|0|633|633|633|0
20T1051|4|4|4|0|259|259|259|0
20T1052|2|2|2|0|111|179|\N|\N
20T1053|2|2|2|0|139|189|\N|\N
20T1054|2|3|3|1|200|251|251|1
20T1055|1|1|1|0|506|506|506|0
20T1056|3|3|3|0|158|158|158|0
20T1057|3|3|3|0|159|159|159|0
20T1058|2|2|2|0|125|149|\N|\N
20T1059|2|2|2|0|157|157|157|0
20T1060|2|2|2|0|149|209|\N|\N
20T1061|2|2|2|0|\N|\N|\N|\N
20T1062|2|2|2|0|\N|\N|\N|\N
20T1063|2|2|2|0|\N|\N|\N|\N
20T1064|2|2|2|0|\N|\N|\N|\N
20T1065|2|2|2|0|\N|\N|\N|\N
20T1066|2|2|2|0|\N|\N|\N|\N
20T1067|1|1|1|0|\N|\N|\N|\N
20T1068|2|2|2|0|\N|\N|\N|\N
20T1069|3|3|3|0|\N|\N|\N|\N
20T1070|3|3|3|0|\N|\N|\N|\N
20T1071|3|3|3|0|\N|\N|\N|\N
20T1072|2|2|2|0|\N|\N|\N|\N
20T1073|2|2|2|0|\N|\N|\N|\N
20T1074|3|3|3|0|\N|\N|\N|\N
20T1075|2|2|2|0|\N|\N|\N|\N
20T1076|3|3|3|0|\N|\N|\N|\N
20T1077|2|2|2|0|\N|\N|\N|\N
20T1078|2|2|2|0|\N|\N|\N|\N
20T1079|2|2|2|0|\N|\N|\N|\N
20T1080|2|2|2|0|\N|\N|\N|\N
20T1081|3|3|3|0|\N|\N|\N|\N
20T1082|3|3|3|0|\N|\N|\N|\N
20T1083|3|3|3|0|\N|\N|\N|\N
20T1084|4|4|4|0|\N|\N|\N|\N
20T1085|5|5|5|0|\N|\N|\N|\N
20T1086|4|4|4|0|\N|\N|\N|\N
20T1087|5|5|5|0|\N|\N|\N|\N
20T1088|3|3|3|0|\N|\N|\N|\N
20T1089|1|1|1|0|\N|\N|\N|\N
20T1090|3|3|3|0|\N|\N|\N|\N
20T1091|3|3|3|0|\N|\N|\N|\N
20T1092|2|2|2|0|\N|\N|\N|\N
20T1093|2|2|2|0|\N|\N|\N|\N
20T1094|4|4|4|0|\N|\N|\N|\N
20T1095|1|1|1|0|\N|\N|\N|\N
20T1096|4|4|4|0|\N|\N|\N|\N
20T1097|4|4|4|0|\N|\N|\N|\N
20T1098|4|4|4|0|\N|\N|\N|\N
20T1099|1|1|1|0|\N|\N|\N|\N
20T1100|1|1|1|0|\N|\N|\N|\N
20T1101|1|1|1|0|505|505|505|0
20T1102|3|3|3|0|187|187|187|0
20T1103|1|1|1|0|664|664|664|0
20T1104|1|1|1|0|243|243|243|0
20T1105|2|2|2|0|250|250|250|0
20T1106|1|1|1|0|251|251|251|0
20T1107|1|1|1|0|321|321|321|0
20T1108|3|3|3|0|274|274|274|0
20T1109|3|3|3|0|258|258|258|0
20T1110|1|1|1|0|480|480|480|0
20T1111|1|1|1|0|489|489|489|0
20T1112|2|2|2|0|299|299|299|0
20T1113|3|3|3|0|482|482|482|0
20T1114|3|3|3|0|508|508|508|0
20T1115|1|1|1|0|944|944|944|0
20T1116|2|2|2|0|316|316|316|0
20T1117|1|1|1|0|626|626|626|0
