label|malle_b|malle_turkelli_b|malle_wang_b|malle_b_status|malle_b_prp|malle_turkelli_b_prp|malle_wang_b_prp|malle_b_status_prp
text|smallint|smallint|smallint|smallint|smallint|smallint|smallint|smallint

27T1|1|1|1|0|3|3|3|0
27T2|4|4|4|0|7|7|7|0
27T3|5|5|5|0|5|5|5|0
27T4|13|13|13|0|13|13|13|0
27T5|2|2|2|0|5|5|5|0
27T6|1|1|1|0|7|9|9|1
27T7|1|1|1|0|14|26|26|1
27T8|1|1|1|0|4|6|6|1
27T9|1|1|1|0|7|9|9|1
27T10|1|1|1|0|8|14|14|1
27T11|1|1|1|0|6|7|7|1
27T12|1|1|1|0|8|8|8|0
27T13|1|1|1|0|11|17|17|1
27T14|1|1|1|0|6|8|8|1
27T15|1|1|1|0|14|14|14|0
27T16|1|1|1|0|16|16|16|0
27T17|1|1|1|0|10|10|10|0
27T18|1|1|1|0|16|16|16|0
27T19|1|1|1|0|8|8|8|0
27T20|1|1|1|0|6|6|6|0
27T21|1|1|1|0|8|8|8|0
27T22|1|1|1|0|8|8|8|0
27T23|1|1|1|0|6|6|6|0
27T24|1|1|1|0|6|6|6|0
27T25|1|1|1|0|6|6|6|0
27T26|1|1|1|0|6|6|6|0
27T27|1|1|1|0|8|8|8|0
27T28|1|1|1|0|14|14|14|0
27T29|3|3|3|0|10|10|10|0
27T30|1|1|1|0|11|14|14|1
27T31|1|1|1|0|8|11|8|2
27T32|1|1|1|0|7|7|7|0
27T33|1|1|1|0|9|9|9|0
27T34|1|1|1|0|17|26|26|1
27T35|3|3|3|0|13|14|14|1
27T36|2|2|2|0|17|17|17|0
27T37|1|1|1|0|12|12|12|0
27T38|2|2|2|0|7|10|10|1
27T39|1|1|1|0|13|18|18|1
27T40|1|1|1|0|8|8|8|0
27T41|2|2|2|0|7|10|10|1
27T42|1|1|1|0|8|11|11|1
27T43|1|1|1|0|8|11|11|1
27T44|1|1|1|0|8|11|11|1
27T45|1|1|1|0|8|8|8|0
27T46|1|1|1|0|17|20|20|1
27T47|1|1|1|0|10|12|12|1
27T48|1|1|1|0|16|18|18|1
27T49|1|1|1|0|8|8|8|0
27T50|2|2|2|0|12|12|12|0
27T51|2|2|2|0|10|15|15|1
27T52|1|1|1|0|10|15|15|1
27T53|2|2|2|0|9|13|13|1
27T54|1|1|1|0|12|19|19|1
27T55|1|1|1|0|8|11|11|1
27T56|2|2|2|0|12|19|19|1
27T57|2|2|2|0|16|18|18|1
27T58|1|1|1|0|14|26|26|1
27T59|1|1|1|0|10|15|15|1
27T60|2|2|2|0|16|18|18|1
27T61|1|1|1|0|14|23|23|1
27T62|1|1|1|0|9|13|13|1
27T63|2|2|2|0|9|13|13|1
27T64|1|1|1|0|7|10|10|1
27T65|2|2|2|0|11|17|17|1
27T66|1|1|1|0|8|11|11|1
27T67|1|1|1|0|10|15|15|1
27T68|1|1|1|0|8|11|11|1
27T69|1|1|1|0|8|8|8|0
27T70|1|1|1|0|12|12|12|0
27T71|2|2|2|0|14|23|23|1
27T72|1|1|1|0|7|10|10|1
27T73|1|1|1|0|17|17|17|0
27T74|2|2|2|0|17|29|29|1
27T75|1|1|1|0|17|17|17|0
27T76|3|3|3|0|11|11|11|0
27T77|1|1|1|0|7|9|7|2
27T78|1|1|1|0|9|9|9|0
27T79|3|3|3|0|13|14|14|1
27T80|1|1|1|0|8|11|8|2
27T81|1|1|1|0|14|17|17|1
27T82|1|1|1|0|6|6|6|0
27T83|1|1|1|0|10|10|10|0
27T84|2|2|2|0|17|17|17|0
27T85|1|1|1|0|14|14|14|0
27T86|3|3|3|0|26|26|26|0
27T87|1|1|1|0|9|11|9|2
27T88|1|1|1|0|11|11|11|0
27T89|4|4|4|0|19|19|19|0
27T90|1|1|1|0|7|7|7|0
27T91|1|1|1|0|7|7|7|0
27T92|1|1|1|0|13|16|\N|\N
27T93|1|1|1|0|19|19|19|0
27T94|1|1|1|0|7|7|7|0
27T95|4|4|4|0|25|25|25|0
27T96|4|4|4|0|17|17|17|0
27T97|1|1|1|0|17|17|17|0
27T98|1|1|1|0|19|19|19|0
27T99|4|4|4|0|17|17|17|0
27T100|2|2|2|0|17|17|17|0
27T101|4|4|4|0|41|41|41|0
27T102|4|4|4|0|17|17|17|0
27T103|2|2|2|0|17|17|17|0
27T104|1|1|1|0|9|14|14|1
27T105|4|4|4|0|25|25|25|0
27T106|1|1|1|0|25|25|25|0
27T107|1|1|1|0|11|16|16|1
27T108|1|1|1|0|9|14|14|1
27T109|1|1|1|0|17|17|17|0
27T110|4|4|4|0|25|25|25|0
27T111|4|4|4|0|17|17|17|0
27T112|1|1|1|0|9|14|\N|\N
27T113|4|4|4|0|41|41|41|0
27T114|1|1|1|0|17|17|17|0
27T115|1|1|1|0|20|23|23|1
27T116|1|1|1|0|20|26|26|1
27T117|4|4|4|0|20|29|29|1
27T118|2|2|2|0|23|29|29|1
27T119|2|2|2|0|20|23|23|1
27T120|1|1|1|0|19|26|26|1
27T121|1|1|1|0|16|21|21|1
27T122|1|1|1|0|15|18|18|1
27T123|1|1|1|0|12|13|13|1
27T124|1|1|1|0|12|13|13|1
27T125|2|2|2|0|21|21|21|0
27T126|1|1|1|0|14|17|17|1
27T127|1|1|1|0|20|29|29|1
27T128|4|4|4|0|16|21|21|1
27T129|1|1|1|0|16|21|21|1
27T130|1|1|1|0|8|8|8|0
27T131|1|1|1|0|8|8|8|0
27T132|1|1|1|0|12|13|13|1
27T133|1|1|1|0|12|13|13|1
27T134|1|1|1|0|2|2|2|0
27T135|1|1|1|0|17|17|17|0
27T136|1|1|1|0|13|17|13|2
27T137|3|3|3|0|26|26|26|0
27T138|1|1|1|0|14|14|14|0
27T139|2|2|2|0|9|9|9|0
27T140|2|2|2|0|12|14|14|1
27T141|2|2|2|0|11|12|12|1
27T142|1|1|1|0|15|15|15|0
27T143|2|2|2|0|12|14|14|1
27T144|4|4|4|0|30|46|46|1
27T145|4|5|5|1|30|46|46|1
27T146|4|5|5|1|23|32|32|1
27T147|4|4|4|0|18|22|22|1
27T148|4|5|5|1|17|20|20|1
27T149|1|1|1|0|22|22|22|0
27T150|1|1|1|0|18|19|19|1
27T151|4|4|4|0|22|30|30|1
27T152|1|1|1|0|9|11|\N|\N
27T153|2|2|2|0|18|22|22|1
27T154|1|1|1|0|26|38|38|1
27T155|1|1|1|0|17|20|20|1
27T156|1|2|2|1|14|23|23|1
27T157|1|1|1|0|9|11|\N|\N
27T158|2|2|2|0|10|28|28|1
27T159|1|2|2|1|20|35|35|1
27T160|2|2|2|0|18|22|22|1
27T161|2|2|2|0|18|22|22|1
27T162|4|4|4|0|30|46|46|1
27T163|4|4|4|0|18|22|22|1
27T164|1|2|2|1|23|32|32|1
27T165|1|2|2|1|26|47|47|1
27T166|3|3|3|0|18|22|22|1
27T167|1|1|1|0|31|45|45|1
27T168|1|1|1|0|18|19|19|1
27T169|1|1|1|0|31|45|45|1
27T170|1|2|2|1|17|32|32|1
27T171|4|5|5|1|17|20|20|1
27T172|2|2|2|0|10|28|28|1
27T173|4|4|4|0|18|22|22|1
27T174|5|8|8|1|43|81|81|1
27T175|4|5|5|1|17|20|20|1
27T176|1|1|1|0|11|26|26|1
27T177|1|1|1|0|34|34|34|0
27T178|4|5|5|1|23|32|32|1
27T179|1|1|1|0|11|14|14|1
27T180|1|1|1|0|22|27|27|1
27T181|1|1|1|0|30|46|46|1
27T182|1|1|1|0|17|20|20|1
27T183|1|1|1|0|18|19|19|1
27T184|1|1|1|0|10|12|12|1
27T185|1|1|1|0|10|12|12|1
27T186|4|5|5|1|23|32|32|1
27T187|4|4|4|0|18|22|22|1
27T188|4|5|5|1|19|24|24|1
27T189|1|1|1|0|19|24|24|1
27T190|1|1|1|0|18|19|19|1
27T191|1|1|1|0|18|19|19|1
27T192|1|1|1|0|17|20|20|1
27T193|1|2|2|1|20|35|35|1
27T194|4|5|5|1|23|32|32|1
27T195|1|1|1|0|23|32|32|1
27T196|4|5|5|1|30|46|46|1
27T197|5|8|8|1|23|41|41|1
27T198|4|4|4|0|22|30|30|1
27T199|1|2|2|1|22|30|30|1
27T200|1|2|2|1|16|24|24|1
27T201|1|1|1|0|18|19|19|1
27T202|1|2|2|1|23|41|41|1
27T203|1|1|1|0|18|19|19|1
27T204|1|1|1|0|18|19|19|1
27T205|5|8|8|1|23|41|41|1
27T206|1|1|1|0|17|20|20|1
27T207|1|1|1|0|26|26|26|0
27T208|1|1|1|0|22|27|27|1
27T209|1|1|1|0|9|11|\N|\N
27T210|1|1|1|0|13|13|13|0
27T211|1|1|1|0|12|12|12|0
27T212|2|2|2|0|13|13|13|0
27T213|1|1|1|0|13|13|13|0
27T214|1|1|1|0|12|12|12|0
27T215|2|2|2|0|16|16|16|0
27T216|2|2|2|0|12|12|12|0
27T217|1|1|1|0|12|12|12|0
27T218|3|3|3|0|32|32|32|0
27T219|1|1|1|0|4|4|4|0
27T220|3|3|3|0|28|28|28|0
27T221|2|2|2|0|20|20|20|0
27T222|1|1|1|0|28|28|28|0
27T223|3|3|3|0|28|28|28|0
27T224|1|1|1|0|28|43|43|1
27T225|2|2|2|0|16|16|16|0
27T226|2|2|2|0|16|16|16|0
27T227|1|1|1|0|52|52|52|0
27T228|1|1|1|0|22|25|\N|\N
27T229|2|2|2|0|20|20|20|0
27T230|1|1|1|0|52|52|52|0
27T231|1|1|1|0|28|28|28|0
27T232|1|1|1|0|22|22|22|0
27T233|1|1|1|0|52|52|52|0
27T234|2|2|2|0|12|12|12|0
27T235|1|1|1|0|16|16|16|0
27T236|1|1|1|0|16|19|\N|\N
27T237|2|2|2|0|28|28|28|0
27T238|1|1|1|0|28|28|28|0
27T239|1|1|1|0|22|43|\N|\N
27T240|1|1|1|0|22|22|22|0
27T241|1|1|1|0|28|28|28|0
27T242|1|1|1|0|22|22|22|0
27T243|1|1|1|0|28|28|28|0
27T244|2|2|2|0|28|28|28|0
27T245|1|1|1|0|22|22|22|0
27T246|1|1|1|0|16|16|16|0
27T247|2|2|2|0|12|12|12|0
27T248|1|1|1|0|28|28|28|0
27T249|1|1|1|0|22|22|22|0
27T250|1|1|1|0|52|52|52|0
27T251|1|1|1|0|22|22|22|0
27T252|1|1|1|0|16|16|16|0
27T253|1|1|1|0|22|22|22|0
27T254|1|1|1|0|22|22|22|0
27T255|2|2|2|0|23|23|23|0
27T256|6|6|6|0|37|54|54|1
27T257|2|2|2|0|15|15|15|0
27T258|1|1|1|0|23|23|23|0
27T259|3|3|3|0|14|17|14|2
27T260|1|2|2|1|28|35|35|1
27T261|1|2|2|1|33|43|43|1
27T262|2|2|2|0|21|21|21|0
27T263|1|1|1|0|26|29|29|1
27T264|1|1|1|0|23|23|23|0
27T265|1|1|1|0|23|23|23|0
27T266|1|1|1|0|23|23|23|0
27T267|2|2|2|0|29|35|35|1
27T268|1|1|1|0|23|23|23|0
27T269|2|2|2|0|26|32|32|1
27T270|1|1|1|0|30|36|36|1
27T271|1|1|1|0|30|36|36|1
27T272|1|1|1|0|26|29|29|1
27T273|6|6|6|0|28|35|35|1
27T274|1|2|2|1|29|41|41|1
27T275|1|2|2|1|38|65|65|1
27T276|3|3|3|0|25|25|25|0
27T277|6|6|6|0|28|35|35|1
27T278|1|1|1|0|23|23|23|0
27T279|1|2|2|1|26|41|41|1
27T280|1|2|2|1|29|38|38|1
27T281|1|2|2|1|32|47|47|1
27T282|3|3|3|0|15|15|15|0
27T283|3|3|3|0|24|25|24|2
27T284|2|2|2|0|39|55|55|1
27T285|2|2|2|0|30|36|36|1
27T286|1|2|2|1|23|31|31|1
27T287|1|1|1|0|15|16|16|1
27T288|1|1|1|0|37|54|54|1
27T289|2|2|2|0|23|23|23|0
27T290|1|1|1|0|38|38|38|0
27T291|1|1|1|0|29|38|38|1
27T292|1|1|1|0|5|5|5|0
27T293|1|1|1|0|19|19|19|0
27T294|3|3|3|0|16|23|23|1
27T295|1|1|1|0|20|20|20|0
27T296|2|2|2|0|21|21|21|0
27T297|3|3|3|0|19|29|29|1
27T298|1|1|1|0|21|21|21|0
27T299|3|3|3|0|21|28|28|1
27T300|2|2|2|0|20|23|23|1
27T301|1|1|1|0|19|21|21|1
27T302|1|1|1|0|26|38|38|1
27T303|1|2|2|1|38|62|62|1
27T304|1|2|2|1|19|30|30|1
27T305|1|2|2|1|37|57|57|1
27T306|1|2|2|1|41|68|68|1
27T307|1|2|2|1|41|68|68|1
27T308|1|1|1|0|50|59|59|1
27T309|1|2|2|1|41|68|68|1
27T310|1|2|2|1|38|62|62|1
27T311|1|2|2|1|19|30|30|1
27T312|1|2|2|1|44|74|74|1
27T313|3|3|3|0|20|31|31|1
27T314|1|2|2|1|22|30|30|1
27T315|1|1|1|0|28|30|30|1
27T316|4|5|5|1|29|44|44|1
27T317|1|1|1|0|41|56|56|1
27T318|3|3|3|0|24|31|31|1
27T319|1|1|1|0|21|25|25|1
27T320|1|2|2|1|26|86|86|1
27T321|1|1|1|0|49|57|57|1
27T322|4|5|5|1|29|44|44|1
27T323|1|1|1|0|28|33|33|1
27T324|1|2|2|1|37|57|57|1
27T325|1|2|2|1|22|30|30|1
27T326|1|2|2|1|22|35|35|1
27T327|1|2|2|1|22|30|30|1
27T328|1|2|2|1|26|38|38|1
27T329|1|1|1|0|21|28|28|1
27T330|1|1|1|0|29|44|44|1
27T331|1|2|2|1|29|44|44|1
27T332|1|2|2|1|26|35|35|1
27T333|1|1|1|0|24|31|31|1
27T334|1|1|1|0|49|57|57|1
27T335|1|1|1|0|52|54|54|1
27T336|1|2|2|1|15|22|22|1
27T337|1|2|2|1|29|44|44|1
27T338|1|1|1|0|28|30|30|1
27T339|1|2|2|1|41|68|68|1
27T340|1|2|2|1|41|68|68|1
27T341|1|2|2|1|29|44|44|1
27T342|1|1|1|0|44|74|74|1
27T343|1|1|1|0|26|35|35|1
27T344|1|1|1|0|19|21|21|1
27T345|1|1|1|0|19|21|21|1
27T346|1|2|2|1|50|95|95|1
27T347|1|1|1|0|26|35|35|1
27T348|1|2|2|1|23|38|38|1
27T349|1|2|2|1|26|38|38|1
27T350|1|2|2|1|26|38|38|1
27T351|1|1|1|0|28|30|30|1
27T352|1|1|1|0|28|30|30|1
27T353|1|2|2|1|19|21|21|1
27T354|1|2|2|1|19|21|21|1
27T355|2|2|2|0|20|23|23|1
27T356|1|2|2|1|25|36|36|1
27T357|1|1|1|0|26|35|35|1
27T358|4|5|5|1|25|36|36|1
27T359|4|5|5|1|29|44|44|1
27T360|1|1|1|0|52|54|54|1
27T361|1|2|2|1|29|44|44|1
27T362|1|2|2|1|26|38|38|1
27T363|1|2|2|1|20|35|\N|\N
27T364|2|4|4|1|13|19|\N|\N
27T365|1|2|2|1|15|22|22|1
27T366|1|1|1|0|28|30|30|1
27T367|1|1|1|0|24|31|31|1
27T368|1|2|2|1|26|35|35|1
27T369|1|2|2|1|20|47|\N|\N
27T370|1|2|2|1|19|30|30|1
27T371|1|1|1|0|26|38|38|1
27T372|1|1|1|0|28|30|30|1
27T373|2|4|4|1|13|19|\N|\N
27T374|2|4|4|1|29|44|44|1
27T375|2|4|4|1|29|44|44|1
27T376|2|4|4|1|26|38|38|1
27T377|1|2|2|1|29|44|44|1
27T378|1|2|2|1|19|30|30|1
27T379|1|2|2|1|38|62|62|1
27T380|1|1|1|0|40|54|54|1
27T381|1|2|2|1|16|35|\N|\N
27T382|1|2|2|1|29|44|44|1
27T383|2|4|4|1|26|38|38|1
27T384|1|2|2|1|22|30|30|1
27T385|3|3|3|0|24|31|31|1
27T386|2|2|2|0|29|44|44|1
27T387|2|2|2|0|17|20|20|1
27T388|1|1|1|0|25|36|36|1
27T389|1|1|1|0|24|31|31|1
27T390|1|1|1|0|9|9|9|0
27T391|1|1|1|0|7|7|7|0
27T392|2|2|2|0|19|26|26|1
27T393|2|2|2|0|23|23|23|0
27T394|2|2|2|0|25|25|25|0
27T395|2|2|2|0|19|19|19|0
27T396|2|2|2|0|25|38|38|1
27T397|2|2|2|0|12|14|12|2
27T398|2|2|2|0|17|17|17|0
27T399|2|2|2|0|26|26|26|0
27T400|2|2|2|0|29|29|29|0
27T401|1|2|2|1|50|65|65|1
27T402|2|2|2|0|22|29|29|1
27T403|1|1|1|0|29|29|29|0
27T404|5|5|5|0|29|29|29|0
27T405|2|2|2|0|11|14|11|2
27T406|2|2|2|0|16|18|16|2
27T407|1|1|1|0|30|30|30|0
27T408|2|2|2|0|18|21|21|1
27T409|1|1|1|0|24|24|24|0
27T410|3|3|3|0|45|46|46|1
27T411|3|3|3|0|41|41|41|0
27T412|1|1|1|0|23|23|23|0
27T413|5|5|5|0|25|25|25|0
27T414|2|2|2|0|31|31|31|0
27T415|2|2|2|0|14|14|14|0
27T416|2|2|2|0|14|14|14|0
27T417|2|2|2|0|23|29|29|1
27T418|1|1|1|0|24|24|24|0
27T419|1|1|1|0|20|20|20|0
27T420|2|2|2|0|17|18|17|2
27T421|2|2|2|0|12|12|12|0
27T422|1|1|1|0|7|8|8|1
27T423|1|1|1|0|25|25|25|0
27T424|1|1|1|0|21|21|21|0
27T425|4|4|4|0|133|133|133|0
27T426|1|1|1|0|21|21|21|0
27T427|1|1|1|0|37|52|52|1
27T428|1|1|1|0|25|25|25|0
27T429|1|1|1|0|25|25|25|0
27T430|2|2|2|0|33|33|33|0
27T431|1|1|1|0|27|27|27|0
27T432|2|2|2|0|39|39|39|0
27T433|1|1|1|0|27|46|46|1
27T434|1|1|1|0|51|124|124|1
27T435|1|1|1|0|31|31|31|0
27T436|1|1|1|0|21|21|21|0
27T437|1|1|1|0|61|61|61|0
27T438|1|1|1|0|31|31|31|0
27T439|1|1|1|0|37|37|37|0
27T440|1|1|1|0|31|31|31|0
27T441|1|1|1|0|37|37|37|0
27T442|1|1|1|0|31|31|31|0
27T443|1|1|1|0|17|20|\N|\N
27T444|1|1|1|0|17|20|\N|\N
27T445|1|1|1|0|37|37|37|0
27T446|2|2|2|0|33|33|33|0
27T447|2|2|2|0|53|53|53|0
27T448|1|1|1|0|61|61|61|0
27T449|2|2|2|0|69|69|69|0
27T450|1|1|1|0|31|31|31|0
27T451|2|2|2|0|29|29|29|0
27T452|1|1|1|0|61|61|61|0
27T453|1|1|1|0|37|37|37|0
27T454|1|1|1|0|21|21|21|0
27T455|1|1|1|0|27|27|27|0
27T456|1|1|1|0|61|61|61|0
27T457|1|1|1|0|37|37|37|0
27T458|1|1|1|0|25|25|25|0
27T459|1|1|1|0|37|37|37|0
27T460|1|1|1|0|31|31|31|0
27T461|2|2|2|0|29|29|29|0
27T462|2|2|2|0|29|29|29|0
27T463|1|2|2|1|35|47|47|1
27T464|1|2|2|1|34|38|38|1
27T465|1|1|1|0|19|23|19|2
27T466|2|2|2|0|32|38|38|1
27T467|1|2|2|1|34|38|38|1
27T468|1|2|2|1|31|47|47|1
27T469|1|2|1|2|19|23|19|2
27T470|1|2|2|1|43|56|56|1
27T471|1|1|1|0|32|38|38|1
27T472|1|1|1|0|30|34|34|1
27T473|2|2|2|0|18|18|18|0
27T474|1|2|2|1|35|47|47|1
27T475|2|4|2|2|20|29|20|2
27T476|2|2|2|0|29|32|32|1
27T477|1|2|2|1|44|61|61|1
27T478|2|2|2|0|24|24|24|0
27T479|1|2|2|1|39|54|54|1
27T480|1|1|1|0|30|34|34|1
27T481|1|2|2|1|29|29|29|0
27T482|1|1|1|0|29|32|32|1
27T483|1|2|2|1|35|47|47|1
27T484|1|1|1|0|35|47|47|1
27T485|2|4|4|1|34|38|38|1
27T486|1|2|2|1|47|64|64|1
27T487|2|2|2|0|29|29|29|0
27T488|1|2|1|2|19|23|19|2
27T489|1|2|2|1|44|61|61|1
27T490|1|2|2|1|23|25|25|1
27T491|1|1|1|0|26|30|30|1
27T492|1|2|2|1|29|34|34|1
27T493|2|4|4|1|21|23|23|1
27T494|1|2|2|1|32|38|38|1
27T495|1|1|1|0|38|38|38|0
27T496|2|2|2|0|34|38|38|1
27T497|1|2|2|1|47|71|71|1
27T498|2|2|2|0|32|41|41|1
27T499|1|2|2|1|44|68|68|1
27T500|1|2|2|1|35|47|47|1
27T501|1|2|1|2|13|15|13|2
27T502|1|2|2|1|32|38|38|1
27T503|1|2|2|1|47|71|71|1
27T504|6|6|6|0|35|41|41|1
27T505|1|2|2|1|44|65|65|1
27T506|1|2|1|2|19|23|19|2
27T507|1|1|1|0|35|41|41|1
27T508|1|1|1|0|53|68|68|1
27T509|1|2|2|1|43|56|56|1
27T510|1|1|1|0|53|53|53|0
27T511|1|1|1|0|35|47|47|1
27T512|1|1|1|0|32|38|38|1
27T513|1|2|2|1|43|62|62|1
27T514|1|1|1|0|15|17|15|2
27T515|2|2|2|0|38|38|38|0
27T516|2|2|2|0|36|36|36|0
27T517|1|2|2|1|29|32|32|1
27T518|1|2|2|1|32|41|41|1
27T519|2|2|2|0|36|36|36|0
27T520|1|2|2|1|35|41|41|1
27T521|1|2|2|1|29|34|34|1
27T522|1|2|2|1|56|92|92|1
27T523|1|2|2|1|47|71|71|1
27T524|1|2|2|1|55|89|89|1
27T525|1|1|1|0|14|14|14|0
27T526|3|3|3|0|18|18|18|0
27T527|1|1|1|0|17|17|17|0
27T528|3|3|3|0|18|18|18|0
27T529|1|1|1|0|20|20|20|0
27T530|3|3|3|0|20|20|20|0
27T531|1|1|1|0|20|22|20|2
27T532|2|2|2|0|38|50|50|1
27T533|1|1|1|0|19|19|19|0
27T534|1|1|1|0|22|22|22|0
27T535|3|3|3|0|20|20|20|0
27T536|3|3|3|0|38|38|38|0
27T537|1|1|1|0|43|43|43|0
27T538|2|2|2|0|33|35|35|1
27T539|2|2|2|0|38|38|38|0
27T540|1|1|1|0|37|47|47|1
27T541|3|3|3|0|40|40|40|0
27T542|1|1|1|0|18|18|18|0
27T543|1|1|1|0|16|20|16|2
27T544|1|1|1|0|22|22|22|0
27T545|3|3|3|0|18|18|18|0
27T546|2|2|2|0|38|38|38|0
27T547|1|1|1|0|31|35|35|1
27T548|1|1|1|0|41|41|41|0
27T549|3|5|5|1|95|149|149|1
27T550|1|1|1|0|31|51|\N|\N
27T551|1|2|2|1|31|48|48|1
27T552|1|1|1|0|44|47|47|1
27T553|2|4|4|1|30|55|\N|\N
27T554|2|4|4|1|36|64|64|1
27T555|2|4|4|1|57|100|100|1
27T556|4|4|4|0|130|138|138|1
27T557|1|2|2|1|26|38|38|1
27T558|1|2|2|1|30|46|46|1
27T559|1|1|1|0|58|66|66|1
27T560|2|2|2|0|74|74|74|0
27T561|1|2|2|1|44|71|71|1
27T562|1|2|2|1|35|56|56|1
27T563|1|2|2|1|62|110|110|1
27T564|1|1|1|0|58|66|66|1
27T565|1|1|1|0|56|71|71|1
27T566|1|1|1|0|52|54|54|1
27T567|1|2|2|1|22|30|30|1
27T568|1|2|2|1|20|37|\N|\N
27T569|1|2|2|1|27|41|41|1
27T570|1|1|1|0|40|40|40|0
27T571|1|1|1|0|45|45|45|0
27T572|1|2|2|1|62|110|110|1
27T573|1|2|2|1|28|48|48|1
27T574|1|2|2|1|18|37|\N|\N
27T575|1|2|2|1|44|71|71|1
27T576|1|2|2|1|47|95|95|1
27T577|1|2|2|1|24|40|40|1
27T578|1|1|1|0|44|47|47|1
27T579|1|1|1|0|40|40|40|0
27T580|1|2|2|1|62|110|110|1
27T581|1|2|2|1|31|68|68|1
27T582|1|2|2|1|31|45|45|1
27T583|2|4|4|1|52|90|90|1
27T584|1|2|2|1|43|69|69|1
27T585|1|2|2|1|25|33|33|1
27T586|1|2|2|1|25|33|33|1
27T587|1|2|2|1|44|71|71|1
27T588|1|2|2|1|27|41|41|1
27T589|1|2|2|1|30|46|46|1
27T590|1|1|1|0|29|35|35|1
27T591|1|1|1|0|25|27|27|1
27T592|1|1|1|0|23|23|23|0
27T593|2|4|4|1|30|55|\N|\N
27T594|1|1|1|0|56|71|71|1
27T595|4|8|8|1|131|257|257|1
27T596|1|1|1|0|34|42|42|1
27T597|1|2|2|1|30|43|43|1
27T598|2|3|3|1|39|61|61|1
27T599|1|2|2|1|25|33|33|1
27T600|4|8|8|1|98|182|182|1
27T601|1|2|2|1|40|72|72|1
27T602|1|1|1|0|58|66|66|1
27T603|1|2|2|1|35|56|56|1
27T604|2|2|2|0|45|49|49|1
27T605|1|1|1|0|58|66|66|1
27T606|1|1|1|0|44|47|47|1
27T607|2|4|4|1|36|58|58|1
27T608|1|2|2|1|43|69|69|1
27T609|2|4|4|1|66|118|118|1
27T610|1|1|1|0|47|68|68|1
27T611|2|3|3|1|29|32|32|1
27T612|1|2|2|1|31|45|45|1
27T613|1|1|1|0|45|45|45|0
27T614|1|1|1|0|45|45|45|0
27T615|1|2|2|1|31|36|36|1
27T616|1|2|2|1|35|56|56|1
27T617|1|2|2|1|47|80|80|1
27T618|2|2|2|0|41|41|41|0
27T619|1|2|2|1|20|37|\N|\N
27T620|2|4|4|1|42|70|70|1
27T621|2|2|2|0|61|81|81|1
27T622|1|2|2|1|30|43|43|1
27T623|1|2|2|1|51|248|248|1
27T624|1|2|2|1|28|39|39|1
27T625|3|5|5|1|82|138|138|1
27T626|1|2|2|1|18|37|\N|\N
27T627|1|2|2|1|47|77|77|1
27T628|1|1|1|0|44|47|47|1
27T629|1|1|1|0|47|68|68|1
27T630|1|2|2|1|50|74|74|1
27T631|2|2|2|0|39|39|39|0
27T632|1|2|2|1|30|43|43|1
27T633|2|2|2|0|41|41|41|0
27T634|2|3|3|1|26|35|35|1
27T635|1|1|1|0|28|30|30|1
27T636|1|1|1|0|40|40|40|0
27T637|1|2|2|1|47|80|80|1
27T638|1|2|2|1|28|48|48|1
27T639|1|1|1|0|28|30|30|1
27T640|1|1|1|0|34|42|42|1
27T641|2|4|4|1|58|102|102|1
27T642|2|2|2|0|39|39|39|0
27T643|2|2|2|0|51|61|61|1
27T644|1|2|2|1|43|69|69|1
27T645|2|3|3|1|42|58|58|1
27T646|1|2|2|1|28|48|48|1
27T647|1|1|1|0|28|30|30|1
27T648|2|2|2|0|18|18|18|0
27T649|1|2|1|2|18|23|18|2
27T650|2|2|2|0|38|38|38|0
27T651|2|2|2|0|36|47|47|1
27T652|1|2|1|2|20|23|20|2
27T653|1|2|2|1|62|73|73|1
27T654|2|2|2|0|39|53|53|1
27T655|1|1|1|0|32|41|41|1
27T656|3|3|3|0|21|21|21|0
27T657|1|2|2|1|24|24|24|0
27T658|1|2|1|2|15|19|15|2
27T659|2|2|2|0|40|54|54|1
27T660|1|2|1|2|18|23|18|2
27T661|2|4|4|1|34|38|38|1
27T662|3|3|3|0|53|58|58|1
27T663|2|4|4|1|24|30|30|1
27T664|1|2|2|1|68|92|92|1
27T665|1|2|1|2|17|20|17|2
27T666|1|2|1|2|20|23|20|2
27T667|1|1|1|0|25|25|25|0
27T668|1|2|1|2|17|19|17|2
27T669|3|3|3|0|22|22|22|0
27T670|1|1|1|0|30|33|33|1
27T671|1|2|2|1|25|25|25|0
27T672|2|2|2|0|40|44|44|1
27T673|2|2|2|0|39|42|42|1
27T674|1|2|2|1|30|30|30|0
27T675|1|2|2|1|32|35|35|1
27T676|1|1|1|0|29|36|36|1
27T677|1|2|2|1|28|29|29|1
27T678|1|2|2|1|53|58|58|1
27T679|2|2|2|0|36|47|47|1
27T680|1|1|1|0|57|57|57|0
27T681|3|3|3|0|47|47|47|0
27T682|1|1|1|0|57|57|57|0
27T683|2|2|2|0|39|42|42|1
27T684|1|2|2|1|47|47|47|0
27T685|2|2|2|0|38|59|59|1
27T686|1|1|1|0|58|58|58|0
27T687|1|1|1|0|48|48|48|0
27T688|1|1|1|0|40|40|40|0
27T689|1|1|1|0|34|34|34|0
27T690|1|1|1|0|34|34|34|0
27T691|1|1|1|0|72|72|72|0
27T692|1|1|1|0|34|34|34|0
27T693|1|1|1|0|72|133|133|1
27T694|1|1|1|0|48|48|48|0
27T695|2|2|2|0|72|72|72|0
27T696|1|1|1|0|32|32|32|0
27T697|1|1|1|0|48|48|48|0
27T698|2|2|2|0|72|72|72|0
27T699|1|1|1|0|48|48|48|0
27T700|4|4|4|0|88|88|88|0
27T701|1|1|1|0|34|34|34|0
27T702|1|1|1|0|40|40|40|0
27T703|1|1|1|0|64|64|64|0
27T704|1|1|1|0|58|58|58|0
27T705|1|1|1|0|40|40|40|0
27T706|1|1|1|0|72|72|72|0
27T707|2|2|2|0|72|72|72|0
27T708|1|1|1|0|40|40|40|0
27T709|1|1|1|0|34|34|34|0
27T710|1|1|1|0|40|40|40|0
27T711|2|2|2|0|58|58|58|0
27T712|4|4|4|0|160|160|160|0
27T713|1|1|1|0|64|64|64|0
27T714|1|1|1|0|32|32|32|0
27T715|1|1|1|0|58|58|58|0
27T716|4|4|4|0|88|88|88|0
27T717|4|4|4|0|88|88|88|0
27T718|1|1|1|0|48|48|48|0
27T719|1|1|1|0|40|40|40|0
27T720|1|1|1|0|48|48|48|0
27T721|1|1|1|0|65|65|65|0
27T722|2|2|2|0|30|30|30|0
27T723|2|2|2|0|29|29|29|0
27T724|1|2|1|2|38|63|38|2
27T725|1|2|2|1|39|47|47|1
27T726|1|2|2|1|50|67|67|1
27T727|1|2|1|2|30|37|30|2
27T728|1|2|2|1|56|83|83|1
27T729|2|4|4|1|79|135|135|1
27T730|1|2|1|2|36|49|36|2
27T731|1|2|2|1|31|39|39|1
27T732|1|2|1|2|28|45|28|2
27T733|1|1|1|0|61|68|68|1
27T734|1|2|2|1|33|43|43|1
27T735|1|2|2|1|38|47|47|1
27T736|2|2|2|0|93|93|93|0
27T737|1|2|2|1|39|49|49|1
27T738|2|4|4|1|65|99|99|1
27T739|1|2|2|1|47|70|70|1
27T740|1|2|2|1|41|50|50|1
27T741|1|2|2|1|64|98|98|1
27T742|2|2|2|0|68|71|68|2
27T743|2|2|2|0|30|37|30|2
27T744|1|2|2|1|45|45|45|0
27T745|1|2|1|2|41|57|41|2
27T746|1|2|2|1|48|64|64|1
27T747|3|5|5|1|89|149|149|1
27T748|1|1|1|0|22|22|22|0
27T749|3|5|5|1|80|119|119|1
27T750|2|4|4|1|69|115|115|1
27T751|2|4|4|1|44|69|69|1
27T752|2|2|2|0|69|69|69|0
27T753|2|3|3|1|51|53|53|1
27T754|1|2|1|2|31|39|31|2
27T755|1|2|2|1|38|47|47|1
27T756|2|2|2|0|30|37|30|2
27T757|2|2|2|0|36|49|36|2
27T758|3|3|3|0|58|58|58|0
27T759|4|4|4|0|58|58|58|0
27T760|1|2|1|2|33|55|33|2
27T761|1|2|1|2|27|43|27|2
27T762|1|2|2|1|45|62|62|1
27T763|2|4|4|1|67|103|103|1
27T764|2|3|3|1|44|44|44|0
27T765|2|3|3|1|42|57|57|1
27T766|2|4|4|1|44|69|69|1
27T767|2|3|3|1|52|75|75|1
27T768|1|2|2|1|55|80|80|1
27T769|1|2|2|1|60|91|91|1
27T770|1|2|2|1|52|77|77|1
27T771|1|1|1|0|26|49|49|1
27T772|1|2|2|1|64|98|98|1
27T773|4|4|4|0|81|81|81|0
27T774|1|2|2|1|60|91|91|1
27T775|1|1|1|0|54|55|55|1
27T776|1|2|2|1|52|89|89|1
27T777|1|2|2|1|60|91|91|1
27T778|2|3|3|1|38|45|45|1
27T779|2|4|4|1|50|75|75|1
27T780|1|2|2|1|55|80|80|1
27T781|2|4|2|2|33|55|33|2
27T782|1|2|2|1|41|50|50|1
27T783|3|5|5|1|109|170|170|1
27T784|2|4|4|1|61|93|93|1
27T785|4|8|8|1|137|254|254|1
27T786|1|2|2|1|47|67|67|1
27T787|1|1|1|0|54|55|55|1
27T788|1|2|2|1|48|64|64|1
27T789|2|3|3|1|45|59|59|1
27T790|1|2|2|1|57|100|100|1
27T791|1|2|2|1|56|61|61|1
27T792|1|1|1|0|61|68|68|1
27T793|1|2|2|1|47|70|70|1
27T794|3|5|5|1|98|142|142|1
27T795|1|2|2|1|45|62|62|1
27T796|1|2|2|1|52|77|77|1
27T797|1|1|1|0|23|23|23|0
27T798|1|1|1|0|27|35|27|2
27T799|1|2|2|1|25|29|\N|\N
27T800|4|4|4|0|26|33|33|1
27T801|1|1|1|0|61|68|68|1
27T802|1|1|1|0|25|25|25|0
27T803|1|1|1|0|27|35|27|2
27T804|1|1|1|0|24|25|25|1
27T805|1|1|1|0|26|26|26|0
27T806|1|2|2|1|20|25|\N|\N
27T807|2|2|2|0|52|52|52|0
27T808|2|2|2|0|51|62|62|1
27T809|3|3|3|0|53|62|62|1
27T810|1|1|1|0|25|25|25|0
27T811|1|1|1|0|61|68|68|1
27T812|1|1|1|0|24|25|25|1
27T813|1|2|2|1|25|29|\N|\N
27T814|1|1|1|0|68|95|95|1
27T815|1|1|1|0|64|74|74|1
27T816|1|2|2|1|47|47|47|0
27T817|1|1|1|0|28|28|28|0
27T818|4|4|4|0|28|38|38|1
27T819|2|2|2|0|53|53|53|0
27T820|2|2|2|0|52|65|65|1
27T821|1|2|2|1|29|41|41|1
27T822|2|2|2|0|76|76|76|0
27T823|1|2|2|1|31|45|45|1
27T824|1|2|2|1|55|182|182|1
27T825|1|2|2|1|41|65|65|1
27T826|2|3|3|1|69|97|97|1
27T827|2|4|4|1|66|118|118|1
27T828|1|2|2|1|33|49|49|1
27T829|2|2|2|0|76|76|76|0
27T830|1|2|2|1|41|65|65|1
27T831|1|2|2|1|32|47|47|1
27T832|1|2|2|1|36|55|55|1
27T833|2|2|2|0|76|76|76|0
27T834|1|1|1|0|47|47|47|0
27T835|1|2|2|1|41|65|65|1
27T836|1|2|2|1|34|51|51|1
27T837|2|3|3|1|62|83|83|1
27T838|1|2|2|1|51|85|85|1
27T839|1|2|2|1|55|102|102|1
27T840|1|2|2|1|43|69|69|1
27T841|2|3|3|1|52|78|78|1
27T842|3|6|6|1|62|107|107|1
27T843|1|2|2|1|51|85|85|1
27T844|1|2|2|1|36|55|55|1
27T845|2|3|3|1|58|75|75|1
27T846|3|4|4|1|84|91|91|1
27T847|1|2|2|1|32|47|47|1
27T848|1|2|2|1|55|102|102|1
27T849|1|2|2|1|37|57|57|1
27T850|1|2|2|1|41|65|65|1
27T851|1|1|1|0|76|138|138|1
27T852|1|1|1|0|48|48|48|0
27T853|1|2|2|1|66|257|257|1
27T854|1|2|2|1|34|51|51|1
27T855|1|1|1|0|51|52|52|1
27T856|1|2|2|1|43|69|69|1
27T857|1|2|2|1|36|55|55|1
27T858|2|4|4|1|55|102|102|1
27T859|3|6|6|1|101|185|185|1
27T860|1|2|2|1|33|49|49|1
27T861|1|2|2|1|66|118|118|1
27T862|1|1|1|0|58|75|75|1
27T863|4|8|8|1|113|212|212|1
27T864|1|2|2|1|37|57|57|1
27T865|2|3|3|1|72|103|103|1
27T866|1|2|2|1|46|75|75|1
27T867|1|1|1|0|64|78|78|1
27T868|1|2|2|1|46|75|75|1
27T869|1|1|1|0|45|64|64|1
27T870|1|2|2|1|32|47|47|1
27T871|1|2|2|1|36|55|55|1
27T872|1|1|1|0|45|64|64|1
27T873|2|4|4|1|55|93|93|1
27T874|1|2|2|1|51|85|85|1
27T875|3|6|6|1|62|107|107|1
27T876|3|6|6|1|62|107|107|1
27T877|2|4|4|1|55|93|93|1
27T878|1|1|1|0|64|78|78|1
27T879|1|2|2|1|33|49|49|1
27T880|1|2|2|1|46|75|75|1
27T881|1|1|1|0|69|97|97|1
27T882|1|1|1|0|69|97|97|1
27T883|1|2|2|1|43|69|69|1
27T884|4|4|4|0|109|109|109|0
27T885|1|1|1|0|48|48|48|0
27T886|3|4|4|1|121|165|165|1
27T887|1|1|1|0|43|43|43|0
27T888|4|4|4|0|109|109|109|0
27T889|1|2|2|1|32|47|47|1
27T890|2|4|4|1|66|118|118|1
27T891|1|2|2|1|29|41|41|1
27T892|1|1|1|0|53|80|80|1
27T893|4|4|4|0|145|168|168|1
27T894|4|8|8|1|161|308|308|1
27T895|1|1|1|0|60|70|70|1
27T896|3|6|6|1|62|107|107|1
27T897|2|3|3|1|57|88|88|1
27T898|1|2|2|1|72|103|103|1
27T899|1|2|2|1|57|88|88|1
27T900|1|1|1|0|76|76|76|0
27T901|1|2|2|1|55|93|93|1
27T902|1|1|1|0|52|78|78|1
27T903|4|4|4|0|109|109|109|0
27T904|1|1|1|0|58|75|75|1
27T905|1|2|2|1|62|83|83|1
27T906|1|1|1|0|52|78|78|1
27T907|1|1|1|0|76|76|76|0
27T908|1|2|2|1|39|58|58|1
27T909|4|4|4|0|93|93|93|0
27T910|2|3|3|1|69|85|85|1
27T911|1|2|1|2|27|36|27|2
27T912|1|1|1|0|32|32|32|0
27T913|1|2|1|2|31|39|31|2
27T914|1|2|2|1|50|69|69|1
27T915|1|2|1|2|31|39|31|2
27T916|4|4|4|0|70|70|70|0
27T917|2|3|3|1|42|50|50|1
27T918|2|4|4|1|44|64|64|1
27T919|2|2|2|0|74|74|74|0
27T920|4|6|6|1|83|149|149|1
27T921|1|2|2|1|39|53|53|1
27T922|1|1|1|0|39|41|39|2
27T923|4|4|4|0|81|82|82|1
27T924|1|2|2|1|67|90|90|1
27T925|2|2|2|0|79|79|79|0
27T926|1|2|1|2|28|33|28|2
27T927|1|1|1|0|20|30|20|2
27T928|1|1|1|0|29|29|29|0
27T929|2|4|4|1|109|171|171|1
27T930|4|6|6|1|70|104|104|1
27T931|2|2|2|0|68|68|68|0
27T932|1|1|1|0|37|75|75|1
27T933|1|2|2|1|61|96|96|1
27T934|4|6|6|1|82|138|138|1
27T935|1|1|1|0|21|27|21|2
27T936|1|2|2|1|75|95|95|1
27T937|4|6|6|1|72|119|119|1
27T938|2|3|3|1|37|44|44|1
27T939|1|2|2|1|44|64|64|1
27T940|1|1|1|0|81|82|82|1
27T941|1|1|1|0|39|39|39|0
27T942|1|2|2|1|75|95|95|1
27T943|1|2|2|1|50|73|73|1
27T944|2|3|3|1|38|43|43|1
27T945|4|4|4|0|78|92|92|1
27T946|3|3|3|0|52|52|52|0
27T947|2|2|2|0|51|57|57|1
27T948|3|3|3|0|52|52|52|0
27T949|1|1|1|0|38|41|38|2
27T950|1|1|1|0|41|41|41|0
27T951|1|1|1|0|41|41|41|0
27T952|2|2|2|0|59|59|59|0
27T953|1|2|2|1|47|69|69|1
27T954|1|2|2|1|72|90|90|1
27T955|3|5|5|1|122|173|173|1
27T956|3|3|3|0|51|57|57|1
27T957|1|1|1|0|28|35|35|1
27T958|1|1|1|0|138|138|138|0
27T959|2|3|3|1|43|50|50|1
27T960|4|4|4|0|58|77|77|1
27T961|1|1|1|0|89|89|89|0
27T962|2|2|2|0|57|57|57|0
27T963|1|1|1|0|35|35|35|0
27T964|1|1|1|0|59|59|59|0
27T965|1|1|1|0|89|89|89|0
27T966|2|2|2|0|81|81|81|0
27T967|1|1|1|0|97|97|97|0
27T968|1|1|1|0|59|59|59|0
27T969|1|1|1|0|97|97|97|0
27T970|1|1|1|0|73|73|73|0
27T971|1|1|1|0|139|139|139|0
27T972|1|1|1|0|73|73|73|0
27T973|1|1|1|0|139|139|139|0
27T974|2|2|2|0|81|81|81|0
27T975|1|1|1|0|97|97|97|0
27T976|2|2|2|0|57|57|57|0
27T977|1|1|1|0|43|43|43|0
27T978|1|1|1|0|35|35|35|0
27T979|1|1|1|0|43|43|43|0
27T980|1|1|1|0|89|89|89|0
27T981|1|1|1|0|151|151|151|0
27T982|1|1|1|0|193|193|193|0
27T983|2|2|2|0|97|97|97|0
27T984|1|1|1|0|35|35|35|0
27T985|1|1|1|0|43|43|43|0
27T986|2|2|2|0|89|89|89|0
27T987|1|1|1|0|169|169|169|0
27T988|1|1|1|0|151|151|151|0
27T989|2|2|2|0|40|41|41|1
27T990|2|2|2|0|38|38|38|0
27T991|1|1|1|0|92|92|92|0
27T992|2|2|2|0|37|37|37|0
27T993|1|1|1|0|14|14|14|0
27T994|1|1|1|0|74|95|95|1
27T995|2|4|2|2|68|113|68|2
27T996|1|1|1|0|69|76|76|1
27T997|2|4|2|2|68|113|68|2
27T998|3|6|6|1|84|137|137|1
27T999|1|2|2|1|56|73|73|1
27T1000|1|1|1|0|74|95|95|1
27T1001|2|4|2|2|68|113|68|2
27T1002|1|2|2|1|65|79|79|1
27T1003|3|4|4|1|118|118|118|0
27T1004|2|3|3|1|63|82|82|1
27T1005|2|4|2|2|86|149|86|2
27T1006|1|2|2|1|82|111|111|1
27T1007|2|3|3|1|60|85|85|1
27T1008|3|4|4|1|137|147|147|1
27T1009|1|2|2|1|48|61|61|1
27T1010|1|2|2|1|58|80|80|1
27T1011|3|6|6|1|100|173|173|1
27T1012|2|3|3|1|74|95|95|1
27T1013|4|8|8|1|155|281|281|1
27T1014|1|2|2|1|63|82|82|1
27T1015|1|2|2|1|74|97|97|1
27T1016|3|6|6|1|128|227|227|1
27T1017|1|2|2|1|47|64|64|1
27T1018|3|6|6|1|84|137|137|1
27T1019|1|2|2|1|60|85|85|1
27T1020|1|2|2|1|58|80|80|1
27T1021|1|2|2|1|58|80|80|1
27T1022|1|2|2|1|84|108|108|1
27T1023|1|2|2|1|55|80|80|1
27T1024|1|2|2|1|51|63|63|1
27T1025|1|1|1|0|43|43|43|0
27T1026|1|2|2|1|44|63|63|1
27T1027|1|2|2|1|51|63|63|1
27T1028|2|4|2|2|86|149|86|2
27T1029|1|2|2|1|75|254|254|1
27T1030|2|3|3|1|65|79|79|1
27T1031|1|2|2|1|75|124|124|1
27T1032|2|4|4|1|75|124|124|1
27T1033|1|2|2|1|55|80|80|1
27T1034|1|1|1|0|29|29|29|0
27T1035|1|2|2|1|47|64|64|1
27T1036|2|3|3|1|82|111|111|1
27T1037|2|3|3|1|84|108|108|1
27T1038|1|2|2|1|47|69|69|1
27T1039|2|2|2|0|29|29|29|0
27T1040|3|6|6|1|84|137|137|1
27T1041|2|4|4|1|75|124|124|1
27T1042|2|3|3|1|74|97|97|1
27T1043|1|2|2|1|49|69|69|1
27T1044|2|2|2|0|43|43|43|0
27T1045|1|1|1|0|43|58|58|1
27T1046|3|6|6|1|105|179|179|1
27T1047|1|1|1|0|29|29|29|0
27T1048|1|1|1|0|142|149|149|1
27T1049|5|5|5|0|77|77|77|0
27T1050|1|1|1|0|29|33|33|1
27T1051|3|3|3|0|78|78|78|0
27T1052|1|1|1|0|27|30|30|1
27T1053|2|2|2|0|92|92|92|0
27T1054|1|1|1|0|97|114|114|1
27T1055|4|4|4|0|82|82|82|0
27T1056|1|1|1|0|47|50|50|1
27T1057|2|3|3|1|63|66|66|1
27T1058|1|1|1|0|32|35|32|2
27T1059|1|1|1|0|53|53|53|0
27T1060|4|6|6|1|93|134|134|1
27T1061|1|1|1|0|149|257|257|1
27T1062|4|6|6|1|98|142|142|1
27T1063|1|1|1|0|28|33|33|1
27T1064|3|3|3|0|53|53|53|0
27T1065|1|1|1|0|36|36|36|0
27T1066|1|1|1|0|46|46|46|0
27T1067|3|3|3|0|64|67|67|1
27T1068|1|2|2|1|43|48|48|1
27T1069|1|1|1|0|45|45|45|0
27T1070|3|3|3|0|71|71|71|0
27T1071|1|1|1|0|78|78|78|0
27T1072|1|1|1|0|118|182|182|1
27T1073|1|1|1|0|29|40|29|2
27T1074|1|1|1|0|45|45|45|0
27T1075|1|1|1|0|44|44|44|0
27T1076|4|6|6|1|106|173|173|1
27T1077|1|1|1|0|34|38|34|2
27T1078|1|1|1|0|47|47|47|0
27T1079|4|6|6|1|94|136|136|1
27T1080|2|2|2|0|30|30|30|0
27T1081|1|1|1|0|82|82|82|0
27T1082|1|2|2|1|84|118|118|1
27T1083|1|1|1|0|45|45|45|0
27T1084|1|1|1|0|48|49|49|1
27T1085|1|1|1|0|48|49|49|1
27T1086|1|1|1|0|80|110|110|1
27T1087|2|3|3|1|83|116|116|1
27T1088|1|1|1|0|91|105|105|1
27T1089|1|1|1|0|155|269|269|1
27T1090|1|1|1|0|119|212|212|1
27T1091|1|2|2|1|139|156|156|1
27T1092|2|4|4|1|60|103|103|1
27T1093|2|2|2|0|91|105|105|1
27T1094|1|2|2|1|158|194|194|1
27T1095|1|2|2|1|79|108|108|1
27T1096|1|2|2|1|70|123|123|1
27T1097|1|1|1|0|75|100|100|1
27T1098|2|3|3|1|79|108|108|1
27T1099|1|1|1|0|75|100|100|1
27T1100|1|2|2|1|83|116|116|1
27T1101|2|3|3|1|80|110|110|1
27T1102|2|3|3|1|75|100|100|1
27T1103|1|2|2|1|80|143|143|1
27T1104|1|1|1|0|48|49|49|1
27T1105|2|4|4|1|80|143|143|1
27T1106|1|2|2|1|45|73|73|1
27T1107|1|2|2|1|170|218|218|1
27T1108|2|2|2|0|83|89|89|1
27T1109|1|1|1|0|116|191|191|1
27T1110|1|2|2|1|109|159|159|1
27T1111|1|1|1|0|106|186|186|1
27T1112|1|1|1|0|80|110|110|1
27T1113|1|2|2|1|134|251|251|1
27T1114|1|2|2|1|68|86|86|1
27T1115|1|2|2|1|45|73|73|1
27T1116|1|2|2|1|45|73|73|1
27T1117|1|2|2|1|65|113|113|1
27T1118|2|4|4|1|76|135|135|1
27T1119|1|1|1|0|91|105|105|1
27T1120|1|2|2|1|60|70|70|1
27T1121|1|2|2|1|70|123|123|1
27T1122|1|1|1|0|66|106|106|1
27T1123|1|2|2|1|37|57|57|1
27T1124|1|2|2|1|37|57|57|1
27T1125|1|2|2|1|140|203|203|1
27T1126|2|4|4|1|65|113|113|1
27T1127|1|2|2|1|107|197|197|1
27T1128|2|3|3|1|66|106|106|1
27T1129|1|1|1|0|125|209|209|1
27T1130|1|1|1|0|177|196|196|1
27T1131|1|2|2|1|42|67|67|1
27T1132|2|4|4|1|51|85|85|1
27T1133|1|2|2|1|65|113|113|1
27T1134|1|2|2|1|170|326|326|1
27T1135|1|2|2|1|136|264|264|1
27T1136|1|2|2|1|65|113|113|1
27T1137|1|1|1|0|116|191|191|1
27T1138|1|2|2|1|42|67|67|1
27T1139|1|2|2|1|83|140|140|1
27T1140|2|2|2|0|81|85|85|1
27T1141|1|2|2|1|107|197|197|1
27T1142|1|2|2|1|80|143|143|1
27T1143|2|3|3|1|83|140|140|1
27T1144|2|4|4|1|72|127|127|1
27T1145|1|2|2|1|37|57|57|1
27T1146|1|1|1|0|91|105|105|1
27T1147|1|1|1|0|54|82|82|1
27T1148|1|1|1|0|54|82|82|1
27T1149|2|2|2|0|83|89|89|1
27T1150|2|4|4|1|70|123|123|1
27T1151|1|1|1|0|66|106|106|1
27T1152|2|4|4|1|66|115|115|1
27T1153|1|2|2|1|42|67|67|1
27T1154|2|4|4|1|57|97|97|1
27T1155|1|2|2|1|119|221|221|1
27T1156|2|2|2|0|69|69|69|0
27T1157|2|4|4|1|51|85|85|1
27T1158|2|4|4|1|76|135|135|1
27T1159|2|4|4|1|66|115|115|1
27T1160|2|2|2|0|83|89|89|1
27T1161|1|1|1|0|24|24|24|0
27T1162|1|1|1|0|45|45|45|0
27T1163|1|2|1|2|61|89|61|2
27T1164|1|2|2|1|78|91|91|1
27T1165|2|4|4|1|97|158|158|1
27T1166|2|4|4|1|82|131|131|1
27T1167|1|1|1|0|40|42|42|1
27T1168|2|2|2|0|43|52|52|1
27T1169|2|2|2|0|40|42|42|1
27T1170|1|2|1|2|49|83|49|2
27T1171|1|1|1|0|45|45|45|0
27T1172|2|4|4|1|78|122|122|1
27T1173|1|1|1|0|45|45|45|0
27T1174|1|2|1|2|49|83|49|2
27T1175|1|1|1|0|36|36|36|0
27T1176|2|4|4|1|93|152|152|1
27T1177|2|2|2|0|47|49|49|1
27T1178|2|2|2|0|50|62|62|1
27T1179|1|1|1|0|51|70|70|1
27T1180|1|2|1|2|61|89|61|2
27T1181|1|1|1|0|48|51|51|1
27T1182|1|2|1|2|52|71|52|2
27T1183|1|1|1|0|43|77|77|1
27T1184|2|2|2|0|48|51|51|1
27T1185|3|6|6|1|155|257|257|1
27T1186|2|3|3|1|110|136|136|1
27T1187|2|4|4|1|66|98|98|1
27T1188|2|2|2|0|49|60|60|1
27T1189|1|2|1|2|40|65|40|2
27T1190|1|1|1|0|38|38|38|0
27T1191|2|3|3|1|100|119|119|1
27T1192|1|1|1|0|56|56|56|0
27T1193|1|1|1|0|50|62|62|1
27T1194|1|1|1|0|56|56|56|0
27T1195|1|1|1|0|47|49|49|1
27T1196|2|2|2|0|38|38|38|0
27T1197|1|1|1|0|56|82|82|1
27T1198|1|1|1|0|43|52|52|1
27T1199|2|2|2|0|51|51|51|0
27T1200|1|2|2|1|100|119|119|1
27T1201|1|1|1|0|51|51|51|0
27T1202|1|1|1|0|49|60|60|1
27T1203|4|4|4|0|436|436|436|0
27T1204|4|4|4|0|412|412|412|0
27T1205|1|1|1|0|100|100|100|0
27T1206|1|1|1|0|94|94|94|0
27T1207|1|1|1|0|80|80|80|0
27T1208|1|1|1|0|106|106|106|0
27T1209|1|1|1|0|236|236|236|0
27T1210|1|1|1|0|94|94|94|0
27T1211|1|1|1|0|94|94|94|0
27T1212|1|1|1|0|106|106|106|0
27T1213|1|1|1|0|80|80|80|0
27T1214|1|1|1|0|148|148|148|0
27T1215|1|1|1|0|104|104|104|0
27T1216|1|1|1|0|148|148|148|0
27T1217|1|1|1|0|100|100|100|0
27T1218|1|1|1|0|92|92|92|0
27T1219|1|1|1|0|104|104|104|0
27T1220|1|1|1|0|92|92|92|0
27T1221|1|1|1|0|92|92|92|0
27T1222|1|1|1|0|80|80|80|0
27T1223|1|1|1|0|80|80|80|0
27T1224|4|4|4|0|382|382|382|0
27T1225|4|4|4|0|382|382|382|0
27T1226|1|1|1|0|236|236|236|0
27T1227|1|1|1|0|80|80|80|0
27T1228|5|5|5|0|86|86|86|0
27T1229|3|3|3|0|61|61|61|0
27T1230|2|2|2|0|42|42|42|0
27T1231|3|3|3|0|68|68|68|0
27T1232|1|1|1|0|47|49|49|1
27T1233|2|2|2|0|38|46|46|1
27T1234|1|1|1|0|62|62|62|0
27T1235|1|1|1|0|30|30|30|0
27T1236|1|1|1|0|66|66|66|0
27T1237|1|1|1|0|29|31|29|2
27T1238|1|1|1|0|33|33|33|0
27T1239|5|5|5|0|78|82|82|1
27T1240|2|2|2|0|40|40|40|0
27T1241|2|2|2|0|34|34|34|0
27T1242|1|1|1|0|62|62|62|0
27T1243|1|1|1|0|68|68|68|0
27T1244|1|1|1|0|173|254|254|1
27T1245|1|1|1|0|41|41|41|0
27T1246|1|1|1|0|114|114|114|0
27T1247|1|1|1|0|39|39|39|0
27T1248|5|5|5|0|77|77|77|0
27T1249|1|1|1|0|43|43|43|0
27T1250|1|1|1|0|33|33|33|0
27T1251|1|1|1|0|138|138|138|0
27T1252|1|1|1|0|131|131|131|0
27T1253|1|1|1|0|56|56|56|0
27T1254|3|3|3|0|52|52|52|0
27T1255|1|2|2|1|110|173|173|1
27T1256|2|3|3|1|70|101|101|1
27T1257|1|2|2|1|59|86|86|1
27T1258|1|2|2|1|173|200|200|1
27T1259|1|2|2|1|59|86|86|1
27T1260|2|3|3|1|77|108|108|1
27T1261|1|2|2|1|121|193|193|1
27T1262|2|3|3|1|76|98|98|1
27T1263|1|2|2|1|129|209|209|1
27T1264|2|4|4|1|89|145|145|1
27T1265|1|2|2|1|79|103|103|1
27T1266|2|4|4|1|76|123|123|1
27T1267|2|4|4|1|86|139|139|1
27T1268|1|2|2|1|70|101|101|1
27T1269|1|2|2|1|136|224|224|1
27T1270|1|1|1|0|58|58|58|0
27T1271|2|4|4|1|85|141|141|1
27T1272|2|2|2|0|58|58|58|0
27T1273|2|4|4|1|93|151|151|1
27T1274|1|2|2|1|86|139|139|1
27T1275|2|3|3|1|79|103|103|1
27T1276|2|4|4|1|89|145|145|1
27T1277|1|2|2|1|86|139|139|1
27T1278|1|2|2|1|97|131|131|1
27T1279|2|2|2|0|107|107|107|0
27T1280|2|3|3|1|97|131|131|1
27T1281|1|1|1|0|146|239|239|1
27T1282|2|4|4|1|81|129|129|1
27T1283|1|2|2|1|181|302|302|1
27T1284|2|4|4|1|77|123|123|1
27T1285|2|3|3|1|82|103|103|1
27T1286|1|1|1|0|50|50|50|0
27T1287|1|2|2|1|76|98|98|1
27T1288|1|2|2|1|59|86|86|1
27T1289|2|3|3|1|88|131|131|1
27T1290|2|4|4|1|81|133|133|1
27T1291|1|2|2|1|88|131|131|1
27T1292|1|2|2|1|77|108|108|1
27T1293|1|2|2|1|170|314|314|1
27T1294|1|2|2|1|68|93|93|1
27T1295|1|1|1|0|58|58|58|0
27T1296|1|1|1|0|82|103|103|1
27T1297|1|1|1|0|82|103|103|1
27T1298|2|2|2|0|50|50|50|0
27T1299|1|2|2|1|132|227|227|1
27T1300|1|1|1|0|50|50|50|0
27T1301|1|2|2|1|155|259|259|1
27T1302|2|2|2|0|63|63|63|0
27T1303|1|1|1|0|37|38|38|1
27T1304|2|2|2|0|67|69|69|1
27T1305|1|2|2|1|77|101|101|1
27T1306|2|2|2|0|63|63|63|0
27T1307|2|2|2|0|70|75|75|1
27T1308|1|1|1|0|70|70|70|0
27T1309|1|1|1|0|75|75|75|0
27T1310|1|1|1|0|70|114|114|1
27T1311|1|2|2|1|58|86|86|1
27T1312|1|1|1|0|74|74|74|0
27T1313|1|1|1|0|64|64|64|0
27T1314|1|2|1|2|68|107|68|2
27T1315|1|2|1|2|68|107|68|2
27T1316|1|2|2|1|46|62|62|1
27T1317|1|1|1|0|67|69|69|1
27T1318|2|4|4|1|130|200|200|1
27T1319|1|1|1|0|63|63|63|0
27T1320|1|1|1|0|64|64|64|0
27T1321|1|1|1|0|\N|\N|\N|\N
27T1322|1|2|2|1|\N|\N|\N|\N
27T1323|1|1|1|0|\N|\N|\N|\N
27T1324|1|1|1|0|\N|\N|\N|\N
27T1325|1|1|1|0|\N|\N|\N|\N
27T1326|1|1|1|0|\N|\N|\N|\N
27T1327|1|1|1|0|\N|\N|\N|\N
27T1328|1|2|2|1|\N|\N|\N|\N
27T1329|1|1|1|0|\N|\N|\N|\N
27T1330|1|2|2|1|\N|\N|\N|\N
27T1331|1|1|1|0|\N|\N|\N|\N
27T1332|4|8|8|1|\N|\N|\N|\N
27T1333|1|1|1|0|\N|\N|\N|\N
27T1334|1|1|1|0|\N|\N|\N|\N
27T1335|1|2|2|1|\N|\N|\N|\N
27T1336|1|1|1|0|\N|\N|\N|\N
27T1337|1|1|1|0|\N|\N|\N|\N
27T1338|4|8|8|1|\N|\N|\N|\N
27T1339|1|1|1|0|\N|\N|\N|\N
27T1340|1|1|1|0|\N|\N|\N|\N
27T1341|1|1|1|0|142|258|258|1
27T1342|1|1|1|0|159|268|268|1
27T1343|4|4|4|0|305|488|488|1
27T1344|3|5|5|1|255|484|484|1
27T1345|1|2|2|1|193|360|360|1
27T1346|1|1|1|0|70|114|114|1
27T1347|1|1|1|0|142|258|258|1
27T1348|1|1|1|0|64|102|102|1
27T1349|1|1|1|0|103|103|103|0
27T1350|1|1|1|0|82|114|114|1
27T1351|4|8|8|1|317|512|512|1
27T1352|4|4|4|0|293|464|464|1
27T1353|1|1|1|0|64|102|102|1
27T1354|1|1|1|0|101|176|176|1
27T1355|1|2|2|1|119|161|161|1
27T1356|1|2|2|1|96|115|115|1
27T1357|1|1|1|0|103|103|103|0
27T1358|1|1|1|0|83|116|116|1
27T1359|1|1|1|0|78|130|130|1
27T1360|1|1|1|0|64|102|102|1
27T1361|1|2|2|1|142|258|258|1
27T1362|1|1|1|0|212|242|242|1
27T1363|1|1|1|0|70|114|114|1
27T1364|3|5|5|1|288|418|418|1
27T1365|1|2|2|1|63|100|100|1
27T1366|3|5|5|1|242|458|458|1
27T1367|1|1|1|0|64|102|102|1
27T1368|1|1|1|0|90|130|130|1
27T1369|4|4|4|0|274|426|426|1
27T1370|1|2|2|1|159|268|268|1
27T1371|1|2|2|1|104|191|191|1
27T1372|3|5|5|1|301|444|444|1
27T1373|1|1|1|0|103|103|103|0
27T1374|4|4|4|0|274|426|426|1
27T1375|1|2|2|1|112|207|207|1
27T1376|1|1|1|0|87|124|124|1
27T1377|1|1|1|0|156|156|156|0
27T1378|1|2|2|1|143|269|269|1
27T1379|1|1|1|0|114|178|178|1
27T1380|1|1|1|0|78|130|130|1
27T1381|1|2|2|1|91|123|123|1
27T1382|4|8|8|1|278|434|434|1
27T1383|1|1|1|0|87|124|124|1
27T1384|1|1|1|0|83|116|116|1
27T1385|1|1|1|0|83|116|116|1
27T1386|1|2|2|1|94|111|111|1
27T1387|1|1|1|0|90|130|130|1
27T1388|1|1|1|0|101|176|176|1
27T1389|1|2|2|1|103|189|189|1
27T1390|1|2|2|1|84|151|151|1
27T1391|1|2|2|1|122|167|167|1
27T1392|1|1|1|0|156|156|156|0
27T1393|1|1|1|0|137|137|137|0
27T1394|1|1|1|0|53|53|53|0
27T1395|1|1|1|0|66|66|66|0
27T1396|1|1|1|0|36|36|36|0
27T1397|1|1|1|0|92|92|92|0
27T1398|1|1|1|0|33|33|33|0
27T1399|1|1|1|0|54|54|54|0
27T1400|1|1|1|0|41|41|41|0
27T1401|1|1|1|0|89|89|89|0
27T1402|3|3|3|0|71|71|71|0
27T1403|1|1|1|0|109|109|109|0
27T1404|1|1|1|0|45|45|45|0
27T1405|1|1|1|0|28|31|28|2
27T1406|1|1|1|0|63|63|63|0
27T1407|1|1|1|0|25|25|25|0
27T1408|1|1|1|0|142|142|142|0
27T1409|1|1|1|0|65|65|65|0
27T1410|2|2|2|0|55|55|55|0
27T1411|2|2|2|0|58|58|58|0
27T1412|1|1|1|0|43|43|43|0
27T1413|1|1|1|0|129|129|129|0
27T1414|2|2|2|0|257|257|257|0
27T1415|1|1|1|0|27|27|27|0
27T1416|1|1|1|0|77|77|77|0
27T1417|1|1|1|0|136|136|136|0
27T1418|3|3|3|0|67|67|67|0
27T1419|1|1|1|0|40|40|40|0
27T1420|1|1|1|0|54|54|54|0
27T1421|1|1|1|0|100|100|100|0
27T1422|1|1|1|0|43|43|43|0
27T1423|1|1|1|0|40|40|40|0
27T1424|1|1|1|0|44|44|44|0
27T1425|1|1|1|0|52|52|52|0
27T1426|2|2|2|0|17|17|17|0
27T1427|1|1|1|0|65|86|86|1
27T1428|2|2|2|0|60|69|69|1
27T1429|2|2|2|0|56|61|61|1
27T1430|1|1|1|0|64|84|84|1
27T1431|1|1|1|0|54|57|57|1
27T1432|2|2|2|0|64|84|84|1
27T1433|2|3|3|1|110|134|134|1
27T1434|2|2|2|0|61|89|89|1
27T1435|1|1|1|0|61|89|89|1
27T1436|1|1|1|0|63|67|67|1
27T1437|1|1|1|0|84|84|84|0
27T1438|1|1|1|0|59|67|67|1
27T1439|1|1|1|0|79|79|79|0
27T1440|1|1|1|0|61|89|89|1
27T1441|2|2|2|0|63|67|67|1
27T1442|2|4|4|1|127|195|195|1
27T1443|1|1|1|0|53|53|53|0
27T1444|1|1|1|0|60|69|69|1
27T1445|1|1|1|0|79|79|79|0
27T1446|1|2|2|1|194|305|305|1
27T1447|2|2|2|0|59|67|67|1
27T1448|1|2|2|1|110|134|134|1
27T1449|1|1|1|0|84|84|84|0
27T1450|1|1|1|0|63|67|67|1
27T1451|2|2|2|0|54|57|57|1
27T1452|2|2|2|0|65|86|86|1
27T1453|1|1|1|0|84|84|84|0
27T1454|1|1|1|0|56|61|61|1
27T1455|1|1|1|0|79|79|79|0
27T1456|2|2|2|0|229|229|229|0
27T1457|2|2|2|0|213|213|213|0
27T1458|2|2|2|0|205|205|205|0
27T1459|1|1|1|0|115|115|115|0
27T1460|2|2|2|0|181|181|181|0
27T1461|1|1|1|0|139|139|139|0
27T1462|1|1|1|0|139|139|139|0
27T1463|1|1|1|0|1111|1111|1111|0
27T1464|1|1|1|0|157|157|157|0
27T1465|1|1|1|0|133|133|133|0
27T1466|2|2|2|0|175|175|175|0
27T1467|1|1|1|0|157|157|157|0
27T1468|2|2|2|0|181|181|181|0
27T1469|1|1|1|0|133|133|133|0
27T1470|1|1|1|0|115|115|115|0
27T1471|1|1|1|0|1149|1149|1149|0
27T1472|1|2|2|1|86|116|116|1
27T1473|1|1|1|0|112|112|112|0
27T1474|1|1|1|0|40|40|40|0
27T1475|1|1|1|0|112|112|112|0
27T1476|1|1|1|0|64|64|64|0
27T1477|1|1|1|0|129|198|198|1
27T1478|4|8|8|1|343|545|545|1
27T1479|1|2|2|1|138|210|210|1
27T1480|1|1|1|0|129|198|198|1
27T1481|1|2|2|1|154|248|248|1
27T1482|3|5|5|1|270|346|346|1
27T1483|3|5|5|1|294|552|552|1
27T1484|1|2|2|1|108|172|172|1
27T1485|1|2|2|1|126|209|209|1
27T1486|1|2|2|1|131|209|209|1
27T1487|1|2|2|1|109|153|153|1
27T1488|1|1|1|0|118|118|118|0
27T1489|1|2|2|1|132|190|190|1
27T1490|3|5|5|1|212|340|340|1
27T1491|1|2|2|1|105|168|168|1
27T1492|4|8|8|1|317|502|502|1
27T1493|1|1|1|0|126|126|126|0
27T1494|1|1|1|0|64|64|64|0
27T1495|1|2|2|1|132|190|190|1
27T1496|1|2|2|1|151|176|176|1
27T1497|3|5|5|1|231|363|363|1
27T1498|3|5|5|1|224|350|350|1
27T1499|1|2|2|1|98|142|142|1
27T1500|1|2|2|1|201|340|340|1
27T1501|2|2|2|0|172|287|172|2
27T1502|1|1|1|0|115|115|115|0
27T1503|1|1|1|0|118|118|118|0
27T1504|2|2|2|0|172|287|172|2
27T1505|1|1|1|0|97|135|135|1
27T1506|1|1|1|0|97|135|135|1
27T1507|1|2|2|1|159|286|286|1
27T1508|1|2|2|1|114|173|173|1
27T1509|1|1|1|0|118|118|118|0
27T1510|1|1|1|0|154|248|248|1
27T1511|1|1|1|0|154|248|248|1
27T1512|1|1|1|0|97|135|135|1
27T1513|1|2|2|1|157|234|234|1
27T1514|1|2|2|1|77|93|93|1
27T1515|1|1|1|0|91|91|91|0
27T1516|1|1|1|0|64|64|64|0
27T1517|1|1|1|0|83|83|83|0
27T1518|1|1|1|0|33|33|33|0
27T1519|1|1|1|0|35|35|35|0
27T1520|1|1|1|0|41|54|41|2
27T1521|1|1|1|0|70|70|70|0
27T1522|1|1|1|0|33|33|33|0
27T1523|1|1|1|0|32|32|32|0
27T1524|1|1|1|0|47|54|47|2
27T1525|1|1|1|0|94|94|94|0
27T1526|1|1|1|0|82|82|82|0
27T1527|1|1|1|0|43|47|43|2
27T1528|1|1|1|0|170|170|170|0
27T1529|1|1|1|0|64|64|64|0
27T1530|1|1|1|0|122|122|122|0
27T1531|1|1|1|0|30|30|30|0
27T1532|1|1|1|0|94|94|94|0
27T1533|1|1|1|0|30|30|30|0
27T1534|1|1|1|0|100|100|100|0
27T1535|1|1|1|0|44|44|44|0
27T1536|1|1|1|0|32|38|38|1
27T1537|1|1|1|0|149|149|149|0
27T1538|1|1|1|0|36|38|36|2
27T1539|1|1|1|0|55|55|55|0
27T1540|1|1|1|0|44|44|44|0
27T1541|1|1|1|0|25|25|25|0
27T1542|1|1|1|0|47|47|47|0
27T1543|1|1|1|0|69|69|69|0
27T1544|1|1|1|0|77|77|77|0
27T1545|1|1|1|0|42|43|42|2
27T1546|2|2|2|0|254|254|254|0
27T1547|1|1|1|0|25|25|25|0
27T1548|1|1|1|0|90|92|92|1
27T1549|1|1|1|0|82|95|95|1
27T1550|1|1|1|0|81|82|82|1
27T1551|1|1|1|0|94|104|104|1
27T1552|1|1|1|0|84|88|88|1
27T1553|2|2|2|0|81|82|82|1
27T1554|2|2|2|0|82|94|94|1
27T1555|1|1|1|0|87|87|87|0
27T1556|2|2|2|0|82|95|95|1
27T1557|1|1|1|0|94|104|104|1
27T1558|1|1|1|0|94|104|104|1
27T1559|2|2|2|0|84|88|88|1
27T1560|1|1|1|0|87|87|87|0
27T1561|1|1|1|0|\N|\N|\N|\N
27T1562|1|1|1|0|\N|\N|\N|\N
27T1563|1|1|1|0|\N|\N|\N|\N
27T1564|1|2|2|1|\N|\N|\N|\N
27T1565|1|2|2|1|\N|\N|\N|\N
27T1566|1|1|1|0|\N|\N|\N|\N
27T1567|1|1|1|0|\N|\N|\N|\N
27T1568|2|4|4|1|\N|\N|\N|\N
27T1569|2|4|4|1|\N|\N|\N|\N
27T1570|2|4|4|1|\N|\N|\N|\N
27T1571|2|2|2|0|\N|\N|\N|\N
27T1572|1|2|2|1|\N|\N|\N|\N
27T1573|2|3|3|1|\N|\N|\N|\N
27T1574|2|4|4|1|\N|\N|\N|\N
27T1575|1|1|1|0|\N|\N|\N|\N
27T1576|1|2|2|1|\N|\N|\N|\N
27T1577|2|3|3|1|\N|\N|\N|\N
27T1578|1|2|2|1|\N|\N|\N|\N
27T1579|1|2|2|1|\N|\N|\N|\N
27T1580|2|3|3|1|\N|\N|\N|\N
27T1581|1|1|1|0|778|1155|1155|1
27T1582|1|2|2|1|714|1306|1306|1
27T1583|1|1|1|0|161|161|161|0
27T1584|1|2|2|1|683|1244|1244|1
27T1585|2|4|4|1|137|197|197|1
27T1586|2|3|3|1|162|298|298|1
27T1587|1|1|1|0|161|161|161|0
27T1588|1|2|2|1|117|184|184|1
27T1589|1|2|2|1|108|190|190|1
27T1590|1|1|1|0|123|196|196|1
27T1591|1|2|2|1|655|1284|1284|1
27T1592|2|2|2|0|139|201|201|1
27T1593|1|2|2|1|121|183|183|1
27T1594|1|2|2|1|116|155|155|1
27T1595|1|2|2|1|106|186|186|1
27T1596|2|4|4|1|141|205|205|1
27T1597|2|3|3|1|199|240|240|1
27T1598|2|3|3|1|147|268|268|1
27T1599|2|3|3|1|157|288|288|1
27T1600|1|1|1|0|783|1201|1201|1
27T1601|1|1|1|0|113|200|200|1
27T1602|1|1|1|0|137|224|224|1
27T1603|1|2|2|1|130|183|183|1
27T1604|2|3|3|1|202|246|246|1
27T1605|2|2|2|0|152|227|227|1
27T1606|1|1|1|0|113|200|200|1
27T1607|1|1|1|0|125|224|224|1
27T1608|1|1|1|0|123|196|196|1
27T1609|1|2|2|1|140|203|203|1
27T1610|1|1|1|0|125|224|224|1
27T1611|2|2|2|0|164|251|251|1
27T1612|1|1|1|0|137|224|224|1
27T1613|1|1|1|0|55|55|55|0
27T1614|1|1|1|0|52|52|52|0
27T1615|1|1|1|0|52|60|60|1
27T1616|3|5|5|1|300|456|456|1
27T1617|1|1|1|0|108|137|137|1
27T1618|1|1|1|0|106|161|161|1
27T1619|1|1|1|0|108|137|137|1
27T1620|1|1|1|0|125|206|206|1
27T1621|2|2|2|0|191|191|191|0
27T1622|1|1|1|0|123|155|155|1
27T1623|1|1|1|0|191|191|191|0
27T1624|1|1|1|0|102|143|143|1
27T1625|1|1|1|0|100|149|149|1
27T1626|1|1|1|0|108|108|108|0
27T1627|1|2|2|1|106|161|161|1
27T1628|2|2|2|0|191|284|284|1
27T1629|1|1|1|0|108|137|137|1
27T1630|1|1|1|0|217|217|217|0
27T1631|1|2|2|1|100|149|149|1
27T1632|2|2|2|0|191|191|191|0
27T1633|1|1|1|0|123|123|123|0
27T1634|1|2|2|1|123|202|202|1
27T1635|1|2|2|1|125|206|206|1
27T1636|1|1|1|0|131|131|131|0
27T1637|1|1|1|0|139|139|139|0
27T1638|1|1|1|0|105|158|158|1
27T1639|1|2|2|1|177|263|263|1
27T1640|1|1|1|0|123|202|202|1
27T1641|1|1|1|0|108|108|108|0
27T1642|1|1|1|0|131|131|131|0
27T1643|1|1|1|0|105|158|158|1
27T1644|1|1|1|0|92|152|92|2
27T1645|2|2|2|0|200|247|247|1
27T1646|1|1|1|0|131|131|131|0
27T1647|2|2|2|0|142|214|214|1
27T1648|1|1|1|0|104|158|104|2
27T1649|1|1|1|0|92|152|92|2
27T1650|1|1|1|0|104|158|104|2
27T1651|1|2|2|1|177|232|232|1
27T1652|1|1|1|0|102|143|143|1
27T1653|1|1|1|0|70|70|70|0
27T1654|2|2|2|0|170|273|273|1
27T1655|2|2|2|0|304|304|304|0
27T1656|2|2|2|0|296|296|296|0
27T1657|2|2|2|0|304|304|304|0
27T1658|1|1|1|0|544|544|544|0
27T1659|2|2|2|0|296|296|296|0
27T1660|1|1|1|0|512|512|512|0
27T1661|2|2|2|0|33|33|33|0
27T1662|1|1|1|0|40|40|40|0
27T1663|1|1|1|0|40|40|40|0
27T1664|1|1|1|0|62|66|66|1
27T1665|1|1|1|0|42|42|42|0
27T1666|1|1|1|0|149|149|149|0
27T1667|1|1|1|0|93|93|93|0
27T1668|1|1|1|0|114|114|114|0
27T1669|1|1|1|0|52|52|52|0
27T1670|1|1|1|0|63|70|63|2
27T1671|1|1|1|0|73|73|73|0
27T1672|1|1|1|0|58|58|58|0
27T1673|1|1|1|0|49|54|54|1
27T1674|1|1|1|0|58|58|58|0
27T1675|1|1|1|0|46|46|46|0
27T1676|1|1|1|0|39|39|39|0
27T1677|1|1|1|0|36|36|36|0
27T1678|1|1|1|0|59|68|68|1
27T1679|1|1|1|0|173|173|173|0
27T1680|1|1|1|0|106|106|106|0
27T1681|1|1|1|0|50|50|50|0
27T1682|1|1|1|0|129|129|129|0
27T1683|1|1|1|0|60|60|60|0
27T1684|1|1|1|0|49|49|49|0
27T1685|1|1|1|0|49|49|49|0
27T1686|1|1|1|0|46|46|46|0
27T1687|1|1|1|0|53|53|53|0
27T1688|1|1|1|0|33|33|33|0
27T1689|1|1|1|0|37|47|41|3
27T1690|1|1|1|0|52|56|56|1
27T1691|1|1|1|0|52|52|52|0
27T1692|1|1|1|0|46|46|46|0
27T1693|1|1|1|0|39|39|39|0
27T1694|1|1|1|0|140|140|140|0
27T1695|1|2|2|1|84|114|114|1
27T1696|1|1|1|0|140|140|140|0
27T1697|2|3|3|1|149|237|237|1
27T1698|1|2|2|1|777|1519|1519|1
27T1699|1|2|2|1|825|1509|1509|1
27T1700|2|3|3|1|160|240|240|1
27T1701|2|3|3|1|171|258|258|1
27T1702|2|3|3|1|192|344|344|1
27T1703|1|2|2|1|124|183|183|1
27T1704|1|2|2|1|534|970|970|1
27T1705|1|2|2|1|135|166|166|1
27T1706|1|2|2|1|153|201|201|1
27T1707|2|3|3|1|154|247|247|1
27T1708|1|2|2|1|127|183|183|1
27T1709|1|1|1|0|143|143|143|0
27T1710|1|1|1|0|662|809|809|1
27T1711|1|2|2|1|122|187|187|1
27T1712|2|3|3|1|193|341|341|1
27T1713|1|2|2|1|136|201|201|1
27T1714|1|2|2|1|803|1474|1474|1
27T1715|1|2|2|1|502|932|932|1
27T1716|1|2|2|1|142|225|225|1
27T1717|2|4|4|1|152|223|223|1
27T1718|1|1|1|0|125|125|125|0
27T1719|1|2|1|2|414|783|414|2
27T1720|2|4|4|1|168|254|254|1
27T1721|2|3|3|1|199|224|224|1
27T1722|1|1|1|0|423|765|423|2
27T1723|1|1|1|0|161|263|263|1
27T1724|2|3|3|1|168|255|255|1
27T1725|1|1|1|0|361|361|361|0
27T1726|1|1|1|0|161|263|263|1
27T1727|1|1|1|0|323|323|323|0
27T1728|1|2|2|1|168|211|211|1
27T1729|1|1|1|0|82|82|82|0
27T1730|1|1|1|0|40|40|40|0
27T1731|1|2|2|1|153|227|227|1
27T1732|2|3|3|1|163|239|239|1
27T1733|1|1|1|0|133|176|176|1
27T1734|1|1|1|0|142|205|205|1
27T1735|1|1|1|0|134|134|134|0
27T1736|1|1|1|0|105|149|149|1
27T1737|1|1|1|0|219|219|219|0
27T1738|2|2|2|0|228|336|336|1
27T1739|1|1|1|0|124|164|164|1
27T1740|2|2|2|0|190|203|203|1
27T1741|1|1|1|0|163|239|239|1
27T1742|1|1|1|0|131|175|175|1
27T1743|1|2|2|1|135|180|180|1
27T1744|1|1|1|0|123|143|143|1
27T1745|1|1|1|0|153|227|227|1
27T1746|1|1|1|0|84|120|120|1
27T1747|1|2|2|1|133|176|176|1
27T1748|1|1|1|0|123|143|143|1
27T1749|1|2|2|1|142|205|205|1
27T1750|1|1|1|0|216|349|349|1
27T1751|1|1|1|0|135|180|180|1
27T1752|1|1|1|0|113|182|113|2
27T1753|1|1|1|0|174|227|227|1
27T1754|1|1|1|0|131|175|175|1
27T1755|1|1|1|0|190|203|203|1
27T1756|1|1|1|0|140|140|140|0
27T1757|1|1|1|0|84|120|120|1
27T1758|1|1|1|0|113|182|113|2
27T1759|2|2|2|0|190|203|203|1
27T1760|1|1|1|0|188|267|267|1
27T1761|2|3|3|1|\N|\N|\N|\N
27T1762|2|4|4|1|\N|\N|\N|\N
27T1763|2|3|3|1|\N|\N|\N|\N
27T1764|2|2|2|0|\N|\N|\N|\N
27T1765|2|2|2|0|\N|\N|\N|\N
27T1766|2|3|3|1|\N|\N|\N|\N
27T1767|2|3|3|1|\N|\N|\N|\N
27T1768|2|2|2|0|\N|\N|\N|\N
27T1769|2|4|4|1|\N|\N|\N|\N
27T1770|2|3|3|1|\N|\N|\N|\N
27T1771|2|3|3|1|\N|\N|\N|\N
27T1772|2|3|3|1|\N|\N|\N|\N
27T1773|2|3|3|1|\N|\N|\N|\N
27T1774|1|2|2|1|\N|\N|\N|\N
27T1775|1|2|2|1|\N|\N|\N|\N
27T1776|2|3|3|1|\N|\N|\N|\N
27T1777|2|2|2|0|\N|\N|\N|\N
27T1778|1|2|2|1|\N|\N|\N|\N
27T1779|1|1|1|0|\N|\N|\N|\N
27T1780|1|1|1|0|\N|\N|\N|\N
27T1781|1|1|1|0|478|555|555|1
27T1782|1|2|2|1|380|734|734|1
27T1783|1|1|1|0|381|532|532|1
27T1784|1|2|2|1|325|573|573|1
27T1785|1|2|2|1|344|611|611|1
27T1786|1|1|1|0|59|59|59|0
27T1787|2|2|2|0|45|47|47|1
27T1788|2|2|2|0|50|50|50|0
27T1789|1|1|1|0|71|71|71|0
27T1790|1|1|1|0|88|88|88|0
27T1791|2|2|2|0|257|257|257|0
27T1792|1|1|1|0|58|58|58|0
27T1793|1|1|1|0|130|130|130|0
27T1794|1|1|1|0|62|62|62|0
27T1795|1|1|1|0|43|43|43|0
27T1796|1|1|1|0|57|69|57|2
27T1797|1|1|1|0|56|59|56|2
27T1798|1|1|1|0|75|75|75|0
27T1799|1|1|1|0|44|44|44|0
27T1800|1|1|1|0|58|58|58|0
27T1801|1|1|1|0|54|54|54|0
27T1802|1|1|1|0|72|72|72|0
27T1803|1|1|1|0|133|133|133|0
27T1804|1|1|1|0|69|91|91|1
27T1805|1|1|1|0|134|134|134|0
27T1806|1|1|1|0|89|92|92|1
27T1807|1|1|1|0|56|56|56|0
27T1808|1|1|1|0|50|50|50|0
27T1809|1|1|1|0|65|71|71|1
27T1810|1|1|1|0|173|173|173|0
27T1811|1|1|1|0|83|83|83|0
27T1812|1|1|1|0|50|55|50|2
27T1813|1|1|1|0|97|97|97|0
27T1814|1|1|1|0|55|55|55|0
27T1815|1|1|1|0|47|47|47|0
27T1816|1|1|1|0|53|53|53|0
27T1817|1|1|1|0|42|42|42|0
27T1818|1|1|1|0|81|81|81|0
27T1819|1|1|1|0|79|79|79|0
27T1820|1|1|1|0|83|83|83|0
27T1821|1|1|1|0|71|71|71|0
27T1822|1|1|1|0|41|41|41|0
27T1823|1|1|1|0|63|89|71|3
27T1824|1|2|1|2|222|418|222|2
27T1825|1|1|1|0|304|366|366|1
27T1826|1|1|1|0|114|174|174|1
27T1827|1|2|1|2|240|436|240|2
27T1828|1|1|1|0|302|367|367|1
27T1829|1|2|2|1|450|808|808|1
27T1830|1|1|1|0|252|415|252|2
27T1831|1|1|1|0|237|237|237|0
27T1832|1|1|1|0|89|89|89|0
27T1833|2|3|3|1|225|331|331|1
27T1834|1|1|1|0|144|243|243|1
27T1835|1|1|1|0|489|647|647|1
27T1836|1|1|1|0|116|178|178|1
27T1837|1|2|2|1|196|262|262|1
27T1838|1|1|1|0|241|403|403|1
27T1839|1|2|2|1|706|1277|1277|1
27T1840|1|1|1|0|283|380|380|1
27T1841|1|1|1|0|297|336|336|1
27T1842|1|2|2|1|399|740|740|1
27T1843|1|1|1|0|97|97|97|0
27T1844|1|1|1|0|256|256|256|0
27T1845|1|2|2|1|329|594|594|1
27T1846|1|1|1|0|146|158|158|1
27T1847|1|1|1|0|158|158|158|0
27T1848|1|1|1|0|225|409|225|2
27T1849|1|1|1|0|422|614|614|1
27T1850|1|1|1|0|129|204|204|1
27T1851|1|1|1|0|130|206|206|1
27T1852|1|1|1|0|143|241|241|1
27T1853|1|1|1|0|275|425|425|1
27T1854|1|1|1|0|396|568|568|1
27T1855|1|1|1|0|281|320|320|1
27T1856|1|1|1|0|244|363|363|1
27T1857|1|1|1|0|841|841|841|0
27T1858|1|1|1|0|52|60|60|1
27T1859|1|1|1|0|51|51|51|0
27T1860|1|1|1|0|55|55|55|0
27T1861|1|1|1|0|123|123|123|0
27T1862|1|1|1|0|138|138|138|0
27T1863|2|3|3|1|242|329|329|1
27T1864|1|1|1|0|242|329|329|1
27T1865|1|1|1|0|245|245|245|0
27T1866|1|1|1|0|130|130|130|0
27T1867|1|1|1|0|224|264|264|1
27T1868|1|1|1|0|135|184|184|1
27T1869|1|1|1|0|123|123|123|0
27T1870|1|1|1|0|240|240|240|0
27T1871|2|2|2|0|240|240|240|0
27T1872|1|1|1|0|208|208|208|0
27T1873|1|2|2|1|372|663|663|1
27T1874|1|1|1|0|472|494|494|1
27T1875|1|2|2|1|376|670|670|1
27T1876|1|2|2|1|364|647|647|1
27T1877|2|3|3|1|232|409|409|1
27T1878|1|1|1|0|176|176|176|0
27T1879|2|3|3|1|201|284|284|1
27T1880|1|2|2|1|472|905|905|1
27T1881|2|3|3|1|233|292|292|1
27T1882|2|3|3|1|235|389|389|1
27T1883|2|3|3|1|204|289|289|1
27T1884|1|2|2|1|467|892|892|1
27T1885|2|2|2|0|326|326|326|0
27T1886|2|2|2|0|334|334|334|0
27T1887|2|4|4|1|190|276|276|1
27T1888|2|3|3|1|235|389|389|1
27T1889|1|2|2|1|365|650|650|1
27T1890|2|3|3|1|195|311|311|1
27T1891|2|3|3|1|222|339|339|1
27T1892|1|2|2|1|357|657|657|1
27T1893|1|1|1|0|89|89|89|0
27T1894|1|1|1|0|56|56|56|0
27T1895|1|1|1|0|65|65|65|0
27T1896|1|1|1|0|56|56|56|0
27T1897|1|1|1|0|90|90|90|0
27T1898|1|1|1|0|90|90|90|0
27T1899|1|1|1|0|88|102|88|2
27T1900|1|1|1|0|72|72|72|0
27T1901|1|1|1|0|97|153|153|1
27T1902|1|1|1|0|61|61|61|0
27T1903|1|1|1|0|69|89|89|1
27T1904|1|1|1|0|106|109|109|1
27T1905|1|1|1|0|71|71|71|0
27T1906|1|1|1|0|94|94|94|0
27T1907|1|1|1|0|143|143|143|0
27T1908|2|2|2|0|254|254|254|0
27T1909|1|1|1|0|100|100|100|0
27T1910|1|1|1|0|97|97|97|0
27T1911|1|1|1|0|60|60|60|0
27T1912|1|1|1|0|97|97|97|0
27T1913|1|1|1|0|87|87|87|0
27T1914|1|1|1|0|161|161|161|0
27T1915|1|1|1|0|81|111|111|1
27T1916|1|1|1|0|71|91|91|1
27T1917|1|2|2|1|242|426|426|1
27T1918|1|1|1|0|171|255|255|1
27T1919|1|2|2|1|276|471|471|1
27T1920|1|1|1|0|285|382|382|1
27T1921|1|2|1|2|265|492|265|2
27T1922|1|1|1|0|175|271|271|1
27T1923|1|1|1|0|95|127|127|1
27T1924|1|1|1|0|270|270|270|0
27T1925|1|2|2|1|191|337|337|1
27T1926|1|1|1|0|349|519|519|1
27T1927|1|2|2|1|527|940|940|1
27T1928|1|1|1|0|274|477|274|2
27T1929|1|1|1|0|97|156|156|1
27T1930|1|1|1|0|266|352|352|1
27T1931|1|1|1|0|181|181|181|0
27T1932|1|1|1|0|171|255|255|1
27T1933|1|2|2|1|188|328|328|1
27T1934|1|1|1|0|113|113|113|0
27T1935|1|1|1|0|180|281|281|1
27T1936|1|1|1|0|383|516|516|1
27T1937|1|1|1|0|92|146|146|1
27T1938|1|1|1|0|325|325|325|0
27T1939|1|1|1|0|226|352|352|1
27T1940|1|1|1|0|208|317|317|1
27T1941|1|1|1|0|267|446|446|1
27T1942|1|1|1|0|405|463|463|1
27T1943|1|1|1|0|361|481|481|1
27T1944|1|1|1|0|267|370|370|1
27T1945|1|1|1|0|642|850|850|1
27T1946|1|2|2|1|530|983|983|1
27T1947|1|2|2|1|717|1408|1408|1
27T1948|1|2|2|1|\N|\N|\N|\N
27T1949|1|2|2|1|\N|\N|\N|\N
27T1950|1|1|1|0|\N|\N|\N|\N
27T1951|1|1|1|0|\N|\N|\N|\N
27T1952|1|1|1|0|\N|\N|\N|\N
27T1953|1|1|1|0|\N|\N|\N|\N
27T1954|1|1|1|0|\N|\N|\N|\N
27T1955|1|1|1|0|\N|\N|\N|\N
27T1956|1|1|1|0|\N|\N|\N|\N
27T1957|1|1|1|0|\N|\N|\N|\N
27T1958|2|2|2|0|\N|\N|\N|\N
27T1959|1|1|1|0|\N|\N|\N|\N
27T1960|2|2|2|0|\N|\N|\N|\N
27T1961|2|2|2|0|461|461|461|0
27T1962|1|1|1|0|237|237|237|0
27T1963|2|3|3|1|264|362|362|1
27T1964|2|3|3|1|264|361|361|1
27T1965|1|1|1|0|225|280|280|1
27T1966|1|1|1|0|631|631|631|0
27T1967|2|3|3|1|338|632|632|1
27T1968|1|1|1|0|187|311|311|1
27T1969|1|1|1|0|191|211|211|1
27T1970|2|2|2|0|240|381|381|1
27T1971|1|2|2|1|509|905|905|1
27T1972|2|3|3|1|337|630|630|1
27T1973|1|1|1|0|241|261|261|1
27T1974|1|1|1|0|174|177|177|1
27T1975|1|1|1|0|261|301|301|1
27T1976|1|1|1|0|241|261|261|1
27T1977|1|1|1|0|228|228|228|0
27T1978|1|1|1|0|636|636|636|0
27T1979|1|1|1|0|221|221|221|0
27T1980|2|2|2|0|241|383|383|1
27T1981|1|1|1|0|168|234|234|1
27T1982|1|1|1|0|149|196|196|1
27T1983|2|3|3|1|258|383|383|1
27T1984|2|2|2|0|237|375|375|1
27T1985|2|2|2|0|235|371|371|1
27T1986|1|1|1|0|101|101|101|0
27T1987|1|1|1|0|99|99|99|0
27T1988|1|1|1|0|101|101|101|0
27T1989|1|1|1|0|85|85|85|0
27T1990|1|1|1|0|86|86|86|0
27T1991|1|1|1|0|62|62|62|0
27T1992|1|1|1|0|125|125|125|0
27T1993|1|1|1|0|125|164|164|1
27T1994|1|1|1|0|69|69|69|0
27T1995|1|1|1|0|162|162|162|0
27T1996|1|1|1|0|171|222|222|1
27T1997|1|1|1|0|133|182|182|1
27T1998|1|1|1|0|439|533|533|1
27T1999|1|1|1|0|187|187|187|0
27T2000|1|1|1|0|143|202|202|1
27T2001|1|1|1|0|173|183|183|1
27T2002|1|1|1|0|254|254|254|0
27T2003|1|1|1|0|181|181|181|0
27T2004|1|1|1|0|320|483|483|1
27T2005|1|2|2|1|301|519|519|1
27T2006|1|1|1|0|182|182|182|0
27T2007|1|1|1|0|930|930|930|0
27T2008|1|2|2|1|592|1104|1104|1
27T2009|1|1|1|0|567|684|684|1
27T2010|1|1|1|0|323|323|323|0
27T2011|1|1|1|0|381|381|381|0
27T2012|1|2|2|1|597|1141|1141|1
27T2013|1|2|2|1|455|793|793|1
27T2014|1|1|1|0|309|309|309|0
27T2015|1|2|2|1|524|938|938|1
27T2016|1|2|2|1|470|862|862|1
27T2017|1|2|2|1|436|768|768|1
27T2018|1|1|1|0|70|72|\N|\N
27T2019|1|1|1|0|64|64|64|0
27T2020|1|1|1|0|58|58|58|0
27T2021|1|1|1|0|68|72|72|1
27T2022|1|1|1|0|70|70|70|0
27T2023|2|2|2|0|417|417|417|0
27T2024|2|3|3|1|293|442|442|1
27T2025|2|3|3|1|290|458|458|1
27T2026|1|1|1|0|261|261|261|0
27T2027|1|1|1|0|653|1222|1222|1
27T2028|1|2|2|1|223|409|409|1
27T2029|1|1|1|0|243|273|273|1
27T2030|1|1|1|0|282|282|282|0
27T2031|1|1|1|0|238|297|297|1
27T2032|1|1|1|0|240|321|321|1
27T2033|1|1|1|0|231|250|250|1
27T2034|2|3|3|1|295|468|468|1
27T2035|1|1|1|0|436|712|712|1
27T2036|1|1|1|0|478|680|680|1
27T2037|1|1|1|0|248|305|305|1
27T2038|1|2|2|1|193|324|324|1
27T2039|1|1|1|0|433|707|707|1
27T2040|1|1|1|0|286|385|385|1
27T2041|2|3|3|1|293|442|442|1
27T2042|1|1|1|0|356|356|356|0
27T2043|1|1|1|0|109|109|109|0
27T2044|1|1|1|0|157|157|157|0
27T2045|1|1|1|0|110|110|110|0
27T2046|1|1|1|0|116|116|116|0
27T2047|1|1|1|0|191|191|191|0
27T2048|1|1|1|0|110|110|110|0
27T2049|1|1|1|0|104|104|104|0
27T2050|1|1|1|0|65|65|65|0
27T2051|1|1|1|0|69|69|69|0
27T2052|1|1|1|0|110|110|110|0
27T2053|1|1|1|0|84|84|84|0
27T2054|1|1|1|0|79|79|79|0
27T2055|2|2|2|0|353|353|353|0
27T2056|1|1|1|0|118|159|118|2
27T2057|1|1|1|0|214|215|215|1
27T2058|2|2|2|0|327|327|327|0
27T2059|1|1|1|0|122|152|122|2
27T2060|1|1|1|0|188|257|257|1
27T2061|1|1|1|0|175|223|223|1
27T2062|1|1|1|0|216|216|216|0
27T2063|1|1|1|0|234|234|234|0
27T2064|1|1|1|0|235|285|285|1
27T2065|1|1|1|0|276|276|276|0
27T2066|1|1|1|0|233|233|233|0
27T2067|1|1|1|0|285|285|285|0
27T2068|1|1|1|0|302|420|420|1
27T2069|1|1|1|0|437|437|437|0
27T2070|1|1|1|0|507|507|507|0
27T2071|1|1|1|0|442|442|442|0
27T2072|1|1|1|0|1815|1815|1815|0
27T2073|1|1|1|0|322|409|409|1
27T2074|1|1|1|0|265|382|382|1
27T2075|1|2|2|1|587|1075|1075|1
27T2076|1|1|1|0|383|383|383|0
27T2077|1|1|1|0|262|337|337|1
27T2078|1|2|2|1|934|1824|1824|1
27T2079|1|2|2|1|593|1087|1087|1
27T2080|1|1|1|0|244|358|358|1
27T2081|1|1|1|0|708|955|955|1
27T2082|1|1|1|0|303|313|313|1
27T2083|1|1|1|0|241|364|364|1
27T2084|1|1|1|0|349|528|528|1
27T2085|1|2|2|1|593|1028|1028|1
27T2086|1|1|1|0|331|331|331|0
27T2087|1|1|1|0|673|967|967|1
27T2088|1|1|1|0|352|483|483|1
27T2089|1|2|2|1|932|1820|1820|1
27T2090|1|1|1|0|314|319|319|1
27T2091|1|1|1|0|245|388|388|1
27T2092|1|1|1|0|257|343|343|1
27T2093|1|1|1|0|99|99|99|0
27T2094|1|2|2|1|287|493|493|1
27T2095|1|1|1|0|404|442|442|1
27T2096|1|1|1|0|546|859|859|1
27T2097|1|1|1|0|200|200|200|0
27T2098|1|1|1|0|73|83|83|1
27T2099|1|2|2|1|130|196|\N|\N
27T2100|1|1|1|0|83|92|92|1
27T2101|1|1|1|0|94|104|104|1
27T2102|1|1|1|0|80|87|87|1
27T2103|1|1|1|0|96|130|130|1
27T2104|2|2|2|0|292|309|309|1
27T2105|1|1|1|0|207|219|219|1
27T2106|1|1|1|0|174|210|210|1
27T2107|2|2|2|0|302|302|302|0
27T2108|2|2|2|0|298|298|298|0
27T2109|1|1|1|0|194|231|231|1
27T2110|2|2|2|0|568|568|568|0
27T2111|2|2|2|0|283|283|283|0
27T2112|2|2|2|0|614|614|614|0
27T2113|2|2|2|0|282|282|282|0
27T2114|2|2|2|0|293|293|293|0
27T2115|2|2|2|0|257|297|297|1
27T2116|1|1|1|0|178|178|178|0
27T2117|2|2|2|0|270|270|270|0
27T2118|1|1|1|0|169|179|179|1
27T2119|1|1|1|0|315|383|383|1
27T2120|1|1|1|0|383|383|383|0
27T2121|1|1|1|0|471|471|471|0
27T2122|1|1|1|0|315|429|429|1
27T2123|1|1|1|0|298|367|367|1
27T2124|1|2|2|1|713|1288|1288|1
27T2125|1|2|2|1|722|1323|1323|1
27T2126|1|2|2|1|715|1292|1292|1
27T2127|1|2|2|1|1834|3585|3585|1
27T2128|1|2|2|1|1113|2067|2067|1
27T2129|1|1|1|0|454|461|461|1
27T2130|1|1|1|0|398|435|435|1
27T2131|1|1|1|0|349|386|386|1
27T2132|1|1|1|0|499|499|499|0
27T2133|1|1|1|0|565|753|753|1
27T2134|1|1|1|0|320|370|370|1
27T2135|1|1|1|0|366|431|431|1
27T2136|1|1|1|0|362|480|480|1
27T2137|1|2|2|1|739|1357|1357|1
27T2138|1|1|1|0|1302|1851|1851|1
27T2139|1|1|1|0|525|608|608|1
27T2140|1|1|1|0|394|465|465|1
27T2141|1|1|1|0|323|418|418|1
27T2142|1|1|1|0|302|347|347|1
27T2143|1|1|1|0|358|526|526|1
27T2144|1|1|1|0|171|171|171|0
27T2145|2|2|2|0|191|191|191|0
27T2146|2|2|2|0|204|204|204|0
27T2147|2|2|2|0|224|224|224|0
27T2148|1|1|1|0|125|125|125|0
27T2149|2|2|2|0|283|283|283|0
27T2150|2|2|2|0|294|297|297|1
27T2151|5|5|5|0|1107|1107|1107|0
27T2152|2|2|2|0|324|324|324|0
27T2153|2|2|2|0|519|519|519|0
27T2154|2|2|2|0|300|309|309|1
27T2155|1|1|1|0|310|310|310|0
27T2156|2|2|2|0|516|516|516|0
27T2157|2|2|2|0|481|481|481|0
27T2158|2|2|2|0|463|463|463|0
27T2159|5|5|5|0|1133|1133|1133|0
27T2160|1|1|1|0|380|433|433|1
27T2161|1|1|1|0|847|847|847|0
27T2162|1|1|1|0|406|406|406|0
27T2163|1|1|1|0|535|535|535|0
27T2164|1|1|1|0|373|423|423|1
27T2165|1|1|1|0|970|970|970|0
27T2166|1|2|2|1|1378|2529|2529|1
27T2167|1|1|1|0|424|424|424|0
27T2168|1|1|1|0|842|842|842|0
27T2169|1|1|1|0|559|636|636|1
27T2170|1|2|2|1|147|233|233|1
27T2171|2|3|3|1|205|349|349|1
27T2172|2|2|2|0|190|203|203|1
27T2173|2|3|3|1|156|239|239|1
27T2174|2|2|2|0|236|260|260|1
27T2175|2|2|2|0|261|261|261|0
27T2176|2|2|2|0|184|218|218|1
27T2177|2|2|2|0|188|188|188|0
27T2178|2|2|2|0|172|198|198|1
27T2179|2|2|2|0|246|246|246|0
27T2180|2|2|2|0|301|301|301|0
27T2181|2|2|2|0|\N|\N|\N|\N
27T2182|2|2|2|0|\N|\N|\N|\N
27T2183|2|2|2|0|\N|\N|\N|\N
27T2184|1|1|1|0|\N|\N|\N|\N
27T2185|2|2|2|0|\N|\N|\N|\N
27T2186|5|5|5|0|\N|\N|\N|\N
27T2187|4|4|4|0|\N|\N|\N|\N
27T2188|5|5|5|0|\N|\N|\N|\N
27T2189|1|1|1|0|\N|\N|\N|\N
27T2190|5|5|5|0|\N|\N|\N|\N
27T2191|5|5|5|0|\N|\N|\N|\N
27T2192|4|4|4|0|\N|\N|\N|\N
27T2193|1|1|1|0|\N|\N|\N|\N
27T2194|2|2|2|0|\N|\N|\N|\N
27T2195|1|1|1|0|\N|\N|\N|\N
27T2196|1|1|1|0|\N|\N|\N|\N
27T2197|1|1|1|0|\N|\N|\N|\N
27T2198|1|1|1|0|\N|\N|\N|\N
27T2199|1|1|1|0|\N|\N|\N|\N
27T2200|1|1|1|0|\N|\N|\N|\N
27T2201|2|3|3|1|227|329|329|1
27T2202|2|2|2|0|198|198|198|0
27T2203|2|2|2|0|250|250|250|0
27T2204|2|2|2|0|385|385|385|0
27T2205|2|2|2|0|267|310|310|1
27T2206|3|3|3|0|460|460|460|0
27T2207|2|2|2|0|282|282|282|0
27T2208|2|2|2|0|258|281|281|1
27T2209|2|2|2|0|273|273|273|0
27T2210|2|2|2|0|268|283|283|1
27T2211|2|2|2|0|325|356|356|1
27T2212|3|3|3|0|480|480|480|0
27T2213|4|4|4|0|649|649|649|0
27T2214|3|3|3|0|421|429|421|2
27T2215|1|1|1|0|1509|1509|1509|0
27T2216|3|3|3|0|420|431|420|2
27T2217|1|1|1|0|1474|1474|1474|0
27T2218|4|4|4|0|661|661|661|0
27T2219|4|4|4|0|657|657|657|0
27T2220|1|1|1|0|1519|1519|1519|0
27T2221|1|1|1|0|1274|1274|1274|0
27T2222|2|2|2|0|337|442|442|1
27T2223|2|2|2|0|303|480|480|1
27T2224|2|2|2|0|304|435|435|1
27T2225|2|2|2|0|309|435|435|1
27T2226|2|2|2|0|354|442|442|1
27T2227|2|2|2|0|433|753|753|1
27T2228|2|2|2|0|360|420|420|1
27T2229|2|2|2|0|198|198|198|0
27T2230|2|2|2|0|184|184|184|0
27T2231|1|1|1|0|359|359|359|0
27T2232|3|3|3|0|344|344|344|0
27T2233|3|3|3|0|356|356|356|0
27T2234|1|1|1|0|945|945|945|0
27T2235|1|1|1|0|905|905|905|0
27T2236|3|3|3|0|456|456|456|0
27T2237|3|3|3|0|460|460|460|0
27T2238|3|3|3|0|350|350|350|0
27T2239|3|3|3|0|338|338|338|0
27T2240|3|3|3|0|455|455|455|0
27T2241|2|2|2|0|\N|\N|\N|\N
27T2242|3|3|3|0|\N|\N|\N|\N
27T2243|2|2|2|0|\N|\N|\N|\N
27T2244|2|2|2|0|\N|\N|\N|\N
27T2245|2|2|2|0|\N|\N|\N|\N
27T2246|3|3|3|0|\N|\N|\N|\N
27T2247|3|3|3|0|\N|\N|\N|\N
27T2248|1|1|1|0|\N|\N|\N|\N
27T2249|3|3|3|0|\N|\N|\N|\N
27T2250|2|2|2|0|\N|\N|\N|\N
27T2251|1|1|1|0|\N|\N|\N|\N
27T2252|1|1|1|0|\N|\N|\N|\N
27T2253|2|2|2|0|\N|\N|\N|\N
27T2254|2|2|2|0|\N|\N|\N|\N
27T2255|2|2|2|0|\N|\N|\N|\N
27T2256|2|2|2|0|\N|\N|\N|\N
27T2257|2|2|2|0|\N|\N|\N|\N
27T2258|2|2|2|0|\N|\N|\N|\N
27T2259|2|2|2|0|\N|\N|\N|\N
27T2260|2|2|2|0|\N|\N|\N|\N
27T2261|2|2|2|0|\N|\N|\N|\N
27T2262|3|3|3|0|\N|\N|\N|\N
27T2263|2|2|2|0|\N|\N|\N|\N
27T2264|1|1|1|0|\N|\N|\N|\N
27T2265|1|1|1|0|\N|\N|\N|\N
27T2266|1|1|1|0|\N|\N|\N|\N
27T2267|3|3|3|0|\N|\N|\N|\N
27T2268|3|3|3|0|\N|\N|\N|\N
27T2269|3|3|3|0|\N|\N|\N|\N
27T2270|3|3|3|0|\N|\N|\N|\N
27T2271|1|1|1|0|\N|\N|\N|\N
27T2272|1|1|1|0|\N|\N|\N|\N
27T2273|2|2|2|0|\N|\N|\N|\N
27T2274|2|2|2|0|\N|\N|\N|\N
27T2275|2|2|2|0|\N|\N|\N|\N
27T2276|1|1|1|0|\N|\N|\N|\N
27T2277|2|2|2|0|\N|\N|\N|\N
27T2278|1|1|1|0|\N|\N|\N|\N
27T2279|1|1|1|0|\N|\N|\N|\N
27T2280|1|1|1|0|\N|\N|\N|\N
27T2281|2|2|2|0|\N|\N|\N|\N
27T2282|2|2|2|0|\N|\N|\N|\N
27T2283|2|2|2|0|\N|\N|\N|\N
27T2284|3|3|3|0|\N|\N|\N|\N
27T2285|3|3|3|0|\N|\N|\N|\N
27T2286|3|3|3|0|\N|\N|\N|\N
27T2287|1|1|1|0|\N|\N|\N|\N
27T2288|2|2|2|0|\N|\N|\N|\N
27T2289|2|2|2|0|\N|\N|\N|\N
27T2290|2|2|2|0|\N|\N|\N|\N
27T2291|2|2|2|0|\N|\N|\N|\N
27T2292|2|2|2|0|\N|\N|\N|\N
27T2293|2|2|2|0|\N|\N|\N|\N
27T2294|2|2|2|0|\N|\N|\N|\N
27T2295|2|2|2|0|\N|\N|\N|\N
27T2296|2|2|2|0|\N|\N|\N|\N
27T2297|2|2|2|0|\N|\N|\N|\N
27T2298|2|2|2|0|\N|\N|\N|\N
27T2299|3|3|3|0|\N|\N|\N|\N
27T2300|3|3|3|0|\N|\N|\N|\N
27T2301|2|2|2|0|\N|\N|\N|\N
27T2302|2|2|2|0|\N|\N|\N|\N
27T2303|2|2|2|0|\N|\N|\N|\N
27T2304|2|2|2|0|\N|\N|\N|\N
27T2305|3|3|3|0|\N|\N|\N|\N
27T2306|2|2|2|0|\N|\N|\N|\N
27T2307|1|1|1|0|\N|\N|\N|\N
27T2308|1|1|1|0|\N|\N|\N|\N
27T2309|1|1|1|0|\N|\N|\N|\N
27T2310|1|1|1|0|\N|\N|\N|\N
27T2311|1|1|1|0|\N|\N|\N|\N
27T2312|1|1|1|0|\N|\N|\N|\N
27T2313|2|2|2|0|\N|\N|\N|\N
27T2314|2|2|2|0|\N|\N|\N|\N
27T2315|2|2|2|0|\N|\N|\N|\N
27T2316|1|1|1|0|\N|\N|\N|\N
27T2317|2|2|2|0|\N|\N|\N|\N
27T2318|2|2|2|0|\N|\N|\N|\N
27T2319|2|2|2|0|\N|\N|\N|\N
27T2320|1|1|1|0|\N|\N|\N|\N
27T2321|2|2|2|0|\N|\N|\N|\N
27T2322|2|2|2|0|\N|\N|\N|\N
27T2323|2|2|2|0|\N|\N|\N|\N
27T2324|3|3|3|0|\N|\N|\N|\N
27T2325|2|2|2|0|\N|\N|\N|\N
27T2326|2|2|2|0|\N|\N|\N|\N
27T2327|2|2|2|0|\N|\N|\N|\N
27T2328|2|2|2|0|\N|\N|\N|\N
27T2329|3|3|3|0|\N|\N|\N|\N
27T2330|2|2|2|0|\N|\N|\N|\N
27T2331|3|3|3|0|\N|\N|\N|\N
27T2332|3|3|3|0|\N|\N|\N|\N
27T2333|3|3|3|0|\N|\N|\N|\N
27T2334|2|2|2|0|\N|\N|\N|\N
27T2335|2|2|2|0|\N|\N|\N|\N
27T2336|1|1|1|0|\N|\N|\N|\N
27T2337|2|2|2|0|\N|\N|\N|\N
27T2338|1|1|1|0|\N|\N|\N|\N
27T2339|1|1|1|0|\N|\N|\N|\N
27T2340|1|1|1|0|\N|\N|\N|\N
27T2341|1|1|1|0|\N|\N|\N|\N
27T2342|2|2|2|0|\N|\N|\N|\N
27T2343|3|3|3|0|\N|\N|\N|\N
27T2344|3|3|3|0|\N|\N|\N|\N
27T2345|3|3|3|0|\N|\N|\N|\N
27T2346|3|3|3|0|\N|\N|\N|\N
27T2347|2|2|2|0|\N|\N|\N|\N
27T2348|1|1|1|0|\N|\N|\N|\N
27T2349|1|1|1|0|\N|\N|\N|\N
27T2350|2|2|2|0|\N|\N|\N|\N
27T2351|3|3|3|0|\N|\N|\N|\N
27T2352|3|3|3|0|\N|\N|\N|\N
27T2353|1|1|1|0|\N|\N|\N|\N
27T2354|1|1|1|0|\N|\N|\N|\N
27T2355|1|1|1|0|\N|\N|\N|\N
27T2356|1|1|1|0|\N|\N|\N|\N
27T2357|1|1|1|0|\N|\N|\N|\N
27T2358|1|1|1|0|\N|\N|\N|\N
27T2359|1|1|1|0|\N|\N|\N|\N
27T2360|3|3|3|0|\N|\N|\N|\N
27T2361|1|1|1|0|\N|\N|\N|\N
27T2362|3|3|3|0|\N|\N|\N|\N
27T2363|3|3|3|0|\N|\N|\N|\N
27T2364|1|1|1|0|\N|\N|\N|\N
27T2365|3|3|3|0|\N|\N|\N|\N
27T2366|1|1|1|0|\N|\N|\N|\N
27T2367|1|1|1|0|\N|\N|\N|\N
27T2368|\N|\N|\N|\N|\N|\N|\N|\N
27T2369|\N|\N|\N|\N|\N|\N|\N|\N
27T2370|2|2|2|0|\N|\N|\N|\N
27T2371|2|2|2|0|\N|\N|\N|\N
27T2372|1|1|1|0|\N|\N|\N|\N
27T2373|\N|\N|\N|\N|\N|\N|\N|\N
27T2374|1|1|1|0|\N|\N|\N|\N
27T2375|2|2|2|0|\N|\N|\N|\N
27T2376|2|2|2|0|\N|\N|\N|\N
27T2377|2|2|2|0|\N|\N|\N|\N
27T2378|1|1|1|0|\N|\N|\N|\N
27T2379|2|2|2|0|\N|\N|\N|\N
27T2380|1|1|1|0|\N|\N|\N|\N
27T2381|2|2|2|0|1682|1682|1682|0
27T2382|2|2|2|0|1292|1292|1292|0
27T2383|2|2|2|0|1221|1221|1221|0
27T2384|2|2|2|0|2361|2361|2361|0
27T2385|2|2|2|0|1919|1919|1919|0
27T2386|3|3|3|0|4530|4530|4530|0
27T2387|1|1|1|0|9049|9049|9049|0
27T2388|3|3|3|0|2982|2982|2982|0
27T2389|3|3|3|0|2959|2959|2959|0
27T2390|1|1|1|0|5889|5889|5889|0
27T2391|2|2|2|0|1511|1511|1511|0
27T2392|1|1|1|0|3009|3009|3009|0
