label|malle_b|malle_turkelli_b|malle_wang_b|malle_b_status|malle_b_prp|malle_turkelli_b_prp|malle_wang_b_prp|malle_b_status_prp
text|smallint|smallint|smallint|smallint|smallint|smallint|smallint|smallint

28T1|1|1|1|0|5|5|5|0
28T2|3|3|3|0|7|7|7|0
28T3|1|1|1|0|4|5|4|2
28T4|3|3|3|0|5|5|5|0
28T5|1|1|1|0|9|9|9|0
28T6|1|1|1|0|7|8|8|1
28T7|1|1|1|0|7|8|8|1
28T8|1|1|1|0|8|8|8|0
28T9|1|1|1|0|11|11|11|0
28T10|1|1|1|0|7|8|8|1
28T11|1|1|1|0|2|2|2|0
28T12|1|1|1|0|7|13|8|3
28T13|1|1|1|0|8|11|11|1
28T14|3|3|3|0|11|15|15|1
28T15|3|3|3|0|9|13|13|1
28T16|1|1|1|0|4|7|7|1
28T17|2|2|2|0|5|5|5|0
28T18|1|1|1|0|14|14|14|0
28T19|1|1|1|0|5|5|5|0
28T20|1|1|1|0|5|5|5|0
28T21|1|1|1|0|12|20|20|1
28T22|1|1|1|0|14|19|19|1
28T23|1|1|1|0|12|20|20|1
28T24|1|1|1|0|19|27|27|1
28T25|1|1|1|0|12|20|20|1
28T26|1|1|1|0|14|20|20|1
28T27|1|1|1|0|4|4|4|0
28T28|1|1|1|0|7|13|13|1
28T29|1|1|1|0|8|9|9|1
28T30|1|1|1|0|7|8|8|1
28T31|1|1|1|0|9|9|9|0
28T32|1|1|1|0|4|4|4|0
28T33|1|2|1|2|13|19|13|2
28T34|1|2|2|1|15|19|19|1
28T35|1|1|1|0|6|6|6|0
28T36|1|2|2|1|10|12|12|1
28T37|1|1|1|0|8|8|8|0
28T38|3|3|3|0|11|11|11|0
28T39|1|1|1|0|11|11|11|0
28T40|2|2|2|0|9|11|11|1
28T41|1|1|1|0|24|34|34|1
28T42|1|1|1|0|7|7|7|0
28T43|1|1|1|0|9|9|9|0
28T44|1|1|1|0|9|9|9|0
28T45|1|1|1|0|14|14|14|0
28T46|2|2|2|0|7|7|7|0
28T47|1|1|1|0|24|36|36|1
28T48|2|2|2|0|13|13|13|0
28T49|2|2|2|0|13|13|13|0
28T50|1|2|2|1|16|22|22|1
28T51|2|2|2|0|17|22|22|1
28T52|2|2|2|0|21|25|25|1
28T53|1|1|1|0|9|9|9|0
28T54|1|1|1|0|9|9|9|0
28T55|2|2|2|0|9|9|9|0
28T56|1|1|1|0|5|5|5|0
28T57|1|1|1|0|9|9|9|0
28T58|1|1|1|0|6|6|6|0
28T59|1|1|1|0|14|14|14|0
28T60|3|3|3|0|10|10|10|0
28T61|1|1|1|0|6|6|6|0
28T62|1|1|1|0|10|10|10|0
28T63|1|1|1|0|10|10|10|0
28T64|2|2|2|0|10|10|10|0
28T65|3|3|3|0|10|10|10|0
28T66|2|2|2|0|10|10|10|0
28T67|1|1|1|0|16|20|20|1
28T68|1|1|1|0|12|20|20|1
28T69|1|1|1|0|14|19|19|1
28T70|1|1|1|0|4|4|4|0
28T71|1|6|3|3|16|55|35|3
28T72|1|6|6|1|19|55|55|1
28T73|1|2|1|2|11|13|11|2
28T74|1|2|2|1|13|13|13|0
28T75|1|1|1|0|6|7|6|2
28T76|1|3|3|1|9|14|14|1
28T77|1|6|6|1|14|34|34|1
28T78|1|2|2|1|10|10|10|0
28T79|1|1|1|0|14|14|14|0
28T80|1|1|1|0|15|15|15|0
28T81|1|1|1|0|15|15|15|0
28T82|1|1|1|0|12|12|12|0
28T83|1|1|1|0|12|12|12|0
28T84|1|1|1|0|19|19|19|0
28T85|1|1|1|0|19|19|19|0
28T86|1|1|1|0|14|14|14|0
28T87|1|1|1|0|14|14|14|0
28T88|1|1|1|0|19|19|19|0
28T89|1|1|1|0|7|9|9|1
28T90|1|1|1|0|23|23|23|0
28T91|1|1|1|0|31|42|42|1
28T92|1|1|1|0|16|16|16|0
28T93|1|1|1|0|16|16|16|0
28T94|1|1|1|0|19|19|19|0
28T95|1|1|1|0|19|19|19|0
28T96|1|1|1|0|9|9|9|0
28T97|1|1|1|0|9|9|9|0
28T98|1|1|1|0|17|17|17|0
28T99|1|1|1|0|13|13|13|0
28T100|1|1|1|0|9|10|10|1
28T101|1|1|1|0|9|9|9|0
28T102|1|1|1|0|21|21|21|0
28T103|1|1|1|0|9|10|10|1
28T104|5|5|5|0|21|21|21|0
28T105|3|3|3|0|17|17|17|0
28T106|3|3|3|0|17|17|17|0
28T107|1|1|1|0|17|17|17|0
28T108|3|3|3|0|17|17|17|0
28T109|1|1|1|0|17|17|17|0
28T110|1|1|1|0|21|21|21|0
28T111|2|2|2|0|21|21|21|0
28T112|1|1|1|0|21|21|21|0
28T113|1|1|1|0|21|21|21|0
28T114|5|5|5|0|21|21|21|0
28T115|1|1|1|0|21|21|21|0
28T116|1|1|1|0|21|21|21|0
28T117|1|1|1|0|21|21|21|0
28T118|3|3|3|0|21|21|21|0
28T119|1|1|1|0|24|34|34|1
28T120|1|1|1|0|5|5|5|0
28T121|1|1|1|0|29|104|104|1
28T122|1|1|1|0|19|23|23|1
28T123|2|2|2|0|13|15|13|2
28T124|2|2|2|0|13|15|13|2
28T125|2|4|4|1|19|29|29|1
28T126|2|4|4|1|19|29|29|1
28T127|1|6|6|1|21|62|62|1
28T128|2|6|6|1|23|62|62|1
28T129|2|6|6|1|29|69|69|1
28T130|1|2|2|1|15|16|16|1
28T131|2|2|2|0|17|17|17|0
28T132|2|2|2|0|21|21|21|0
28T133|1|1|1|0|11|11|11|0
28T134|1|1|1|0|11|11|11|0
28T135|2|2|2|0|11|11|11|0
28T136|1|1|1|0|14|19|19|1
28T137|1|3|3|1|14|19|19|1
28T138|2|4|4|1|14|19|19|1
28T139|1|1|1|0|7|7|7|0
28T140|1|1|1|0|6|6|6|0
28T141|1|1|1|0|7|7|7|0
28T142|1|1|1|0|9|9|9|0
28T143|1|1|1|0|14|19|19|1
28T144|1|1|1|0|11|11|11|0
28T145|1|1|1|0|24|24|24|0
28T146|1|1|1|0|20|20|20|0
28T147|1|1|1|0|20|20|20|0
28T148|1|1|1|0|24|24|24|0
28T149|1|1|1|0|24|24|24|0
28T150|1|1|1|0|7|7|7|0
28T151|3|3|3|0|10|10|10|0
28T152|1|1|1|0|9|9|9|0
28T153|1|1|1|0|9|9|9|0
28T154|2|2|2|0|10|10|10|0
28T155|1|1|1|0|10|10|10|0
28T156|1|1|1|0|10|10|10|0
28T157|1|1|1|0|10|10|10|0
28T158|2|2|2|0|9|9|9|0
28T159|1|1|1|0|9|9|9|0
28T160|1|1|1|0|6|6|6|0
28T161|2|3|2|2|20|33|20|2
28T162|2|3|2|2|21|31|21|2
28T163|3|5|5|1|27|40|40|1
28T164|3|5|5|1|35|47|47|1
28T165|1|1|1|0|7|7|7|0
28T166|1|1|1|0|30|30|30|0
28T167|1|2|2|1|21|25|25|1
28T168|1|2|1|2|18|25|21|3
28T169|1|2|1|2|12|15|12|2
28T170|1|2|2|1|17|19|19|1
28T171|1|1|1|0|32|32|32|0
28T172|1|1|1|0|27|27|27|0
28T173|1|1|1|0|19|19|19|0
28T174|1|1|1|0|16|16|16|0
28T175|1|1|1|0|35|35|35|0
28T176|1|1|1|0|27|27|27|0
28T177|1|1|1|0|19|21|21|1
28T178|1|1|1|0|19|19|19|0
28T179|3|3|3|0|43|43|43|0
28T180|1|1|1|0|16|16|16|0
28T181|1|1|1|0|24|24|24|0
28T182|1|1|1|0|19|21|21|1
28T183|1|1|1|0|27|27|27|0
28T184|4|4|4|0|27|27|27|0
28T185|1|1|1|0|35|35|35|0
28T186|4|4|4|0|35|35|35|0
28T187|2|2|2|0|43|43|43|0
28T188|2|2|2|0|43|43|43|0
28T189|1|1|1|0|43|43|43|0
28T190|4|4|4|0|43|43|43|0
28T191|1|1|1|0|43|43|43|0
28T192|3|3|3|0|43|43|43|0
28T193|1|1|1|0|35|35|35|0
28T194|1|1|1|0|35|35|35|0
28T195|1|1|1|0|35|35|35|0
28T196|3|3|3|0|35|35|35|0
28T197|3|3|3|0|35|35|35|0
28T198|1|1|1|0|14|14|14|0
28T199|1|1|1|0|11|11|11|0
28T200|1|1|1|0|11|11|11|0
28T201|1|1|1|0|9|9|9|0
28T202|1|1|1|0|21|25|21|2
28T203|1|1|1|0|31|55|55|1
28T204|1|1|1|0|41|118|118|1
28T205|1|1|1|0|29|29|29|0
28T206|1|1|1|0|20|23|20|2
28T207|1|1|1|0|20|23|20|2
28T208|1|1|1|0|23|23|23|0
28T209|1|1|1|0|23|23|23|0
28T210|1|1|1|0|24|34|34|1
28T211|1|1|1|0|24|34|34|1
28T212|1|1|1|0|29|39|39|1
28T213|1|1|1|0|29|39|39|1
28T214|1|1|1|0|15|17|17|1
28T215|1|1|1|0|14|14|14|0
28T216|1|1|1|0|12|12|12|0
28T217|1|1|1|0|15|15|15|0
28T218|1|1|1|0|12|12|12|0
28T219|1|1|1|0|12|12|12|0
28T220|1|1|1|0|12|12|12|0
28T221|1|1|1|0|12|12|12|0
28T222|1|1|1|0|21|21|21|0
28T223|1|1|1|0|12|12|12|0
28T224|1|1|1|0|12|12|12|0
28T225|1|1|1|0|12|12|12|0
28T226|3|3|3|0|21|21|21|0
28T227|1|1|1|0|14|14|14|0
28T228|1|1|1|0|14|14|14|0
28T229|1|1|1|0|19|19|19|0
28T230|1|1|1|0|19|19|19|0
28T231|1|1|1|0|19|19|19|0
28T232|2|2|2|0|19|19|19|0
28T233|1|1|1|0|19|19|19|0
28T234|1|1|1|0|19|19|19|0
28T235|1|1|1|0|21|21|21|0
28T236|1|1|1|0|21|21|21|0
28T237|1|1|1|0|14|14|14|0
28T238|1|1|1|0|8|8|8|0
28T239|1|1|1|0|24|36|36|1
28T240|2|3|3|1|24|36|36|1
28T241|2|3|3|1|21|29|29|1
28T242|1|1|1|0|29|31|31|1
28T243|3|3|3|0|28|36|36|1
28T244|4|5|5|1|46|60|60|1
28T245|1|1|1|0|32|43|43|1
28T246|1|2|1|2|25|31|25|2
28T247|1|2|1|2|25|31|25|2
28T248|1|2|2|1|26|32|32|1
28T249|1|2|1|2|29|33|32|3
28T250|1|2|2|1|35|39|39|1
28T251|1|1|1|0|22|27|27|1
28T252|1|2|2|1|22|27|27|1
28T253|1|2|2|1|22|27|27|1
28T254|1|1|1|0|15|15|15|0
28T255|1|1|1|0|54|54|54|0
28T256|1|1|1|0|46|46|46|0
28T257|1|1|1|0|46|46|46|0
28T258|1|1|1|0|45|45|45|0
28T259|1|1|1|0|53|53|53|0
28T260|1|1|1|0|30|30|30|0
28T261|1|1|1|0|46|46|46|0
28T262|3|3|3|0|18|18|18|0
28T263|3|3|3|0|18|18|18|0
28T264|3|3|3|0|42|42|42|0
28T265|1|1|1|0|30|43|43|1
28T266|2|2|2|0|30|30|30|0
28T267|3|3|3|0|74|74|74|0
28T268|5|5|5|0|74|74|74|0
28T269|3|3|3|0|71|71|71|0
28T270|1|1|1|0|71|71|71|0
28T271|1|1|1|0|46|46|46|0
28T272|1|1|1|0|46|46|46|0
28T273|1|1|1|0|12|12|12|0
28T274|1|1|1|0|24|24|24|0
28T275|1|3|3|1|13|27|27|1
28T276|1|3|3|1|13|27|27|1
28T277|2|9|6|3|23|97|56|3
28T278|2|9|6|3|24|91|59|3
28T279|3|15|15|1|31|118|118|1
28T280|3|15|15|1|39|139|139|1
28T281|1|1|1|0|15|15|15|0
28T282|1|1|1|0|19|19|19|0
28T283|1|1|1|0|36|40|40|1
28T284|1|1|1|0|44|64|64|1
28T285|1|1|1|0|23|23|23|0
28T286|1|1|1|0|32|32|32|0
28T287|1|1|1|0|29|29|29|0
28T288|1|1|1|0|23|23|23|0
28T289|1|1|1|0|25|25|25|0
28T290|1|1|1|0|20|20|20|0
28T291|1|1|1|0|25|25|25|0
28T292|1|1|1|0|25|25|25|0
28T293|1|1|1|0|25|25|25|0
28T294|1|1|1|0|25|25|25|0
28T295|1|1|1|0|20|20|20|0
28T296|1|1|1|0|20|20|20|0
28T297|1|1|1|0|26|26|26|0
28T298|1|1|1|0|25|25|25|0
28T299|3|3|3|0|43|43|43|0
28T300|1|1|1|0|20|20|20|0
28T301|1|1|1|0|20|20|20|0
28T302|1|1|1|0|25|25|25|0
28T303|1|1|1|0|29|29|29|0
28T304|1|1|1|0|29|29|29|0
28T305|1|1|1|0|20|20|20|0
28T306|1|1|1|0|25|25|25|0
28T307|2|2|2|0|23|23|23|0
28T308|2|2|2|0|29|29|29|0
28T309|1|1|1|0|39|39|39|0
28T310|1|1|1|0|39|39|39|0
28T311|1|1|1|0|39|39|39|0
28T312|1|1|1|0|39|39|39|0
28T313|2|2|2|0|43|43|43|0
28T314|1|1|1|0|43|43|43|0
28T315|1|1|1|0|29|29|29|0
28T316|1|1|1|0|29|29|29|0
28T317|1|1|1|0|29|29|29|0
28T318|1|1|1|0|21|21|21|0
28T319|1|1|1|0|21|21|21|0
28T320|2|2|2|0|21|21|21|0
28T321|1|1|1|0|17|17|17|0
28T322|1|1|1|0|39|49|49|1
28T323|1|1|1|0|9|9|9|0
28T324|1|1|1|0|11|13|13|1
28T325|1|1|1|0|41|57|41|2
28T326|1|1|1|0|51|59|59|1
28T327|1|1|1|0|40|55|40|2
28T328|1|1|1|0|40|55|40|2
28T329|1|1|1|0|45|55|55|1
28T330|1|1|1|0|45|55|55|1
28T331|1|1|1|0|89|89|89|0
28T332|1|1|1|0|85|85|85|0
28T333|1|1|1|0|37|37|37|0
28T334|1|1|1|0|37|37|37|0
28T335|7|7|7|0|53|53|53|0
28T336|3|3|3|0|53|74|74|1
28T337|3|3|3|0|53|53|53|0
28T338|3|3|3|0|21|21|21|0
28T339|3|3|3|0|21|21|21|0
28T340|3|3|3|0|21|21|21|0
28T341|3|3|3|0|21|21|21|0
28T342|3|3|3|0|53|74|74|1
28T343|3|3|3|0|149|149|149|0
28T344|1|1|1|0|149|149|149|0
28T345|1|1|1|0|149|149|149|0
28T346|1|1|1|0|14|14|14|0
28T347|1|1|1|0|18|18|18|0
28T348|1|1|1|0|15|16|16|1
28T349|2|4|4|1|21|44|44|1
28T350|2|4|4|1|21|44|44|1
28T351|1|1|1|0|29|104|104|1
28T352|1|1|1|0|34|89|89|1
28T353|2|9|9|1|26|83|83|1
28T354|2|9|9|1|29|104|104|1
28T355|3|9|9|1|34|104|104|1
28T356|4|15|15|1|54|174|174|1
28T357|1|2|1|2|113|215|113|2
28T358|1|2|2|1|130|222|222|1
28T359|1|1|1|0|5|5|5|0
28T360|2|2|2|0|22|22|22|0
28T361|2|2|2|0|31|31|31|0
28T362|2|2|2|0|23|23|23|0
28T363|2|2|2|0|29|29|29|0
28T364|1|1|1|0|40|40|40|0
28T365|1|1|1|0|54|54|54|0
28T366|1|1|1|0|38|38|38|0
28T367|1|1|1|0|44|44|44|0
28T368|1|1|1|0|40|40|40|0
28T369|1|1|1|0|40|40|40|0
28T370|1|1|1|0|36|36|36|0
28T371|1|1|1|0|17|17|17|0
28T372|1|1|1|0|24|24|24|0
28T373|1|1|1|0|35|35|35|0
28T374|1|1|1|0|35|35|35|0
28T375|1|1|1|0|36|43|43|1
28T376|2|2|2|0|36|36|36|0
28T377|1|1|1|0|49|49|49|0
28T378|1|1|1|0|49|49|49|0
28T379|1|1|1|0|35|35|35|0
28T380|1|1|1|0|35|35|35|0
28T381|3|3|3|0|23|23|23|0
28T382|1|1|1|0|16|16|16|0
28T383|1|1|1|0|16|16|16|0
28T384|4|4|4|0|23|23|23|0
28T385|1|1|1|0|38|38|38|0
28T386|1|1|1|0|59|59|59|0
28T387|1|1|1|0|40|40|40|0
28T388|1|1|1|0|22|22|22|0
28T389|3|3|3|0|38|38|38|0
28T390|1|1|1|0|22|22|22|0
28T391|1|1|1|0|32|32|32|0
28T392|1|1|1|0|18|18|18|0
28T393|2|2|2|0|14|14|14|0
28T394|1|3|3|1|19|31|31|1
28T395|1|1|1|0|23|27|27|1
28T396|1|1|1|0|20|27|20|2
28T397|1|1|1|0|74|104|104|1
28T398|1|1|1|0|107|107|107|0
28T399|1|1|1|0|96|96|96|0
28T400|1|1|1|0|43|43|43|0
28T401|1|1|1|0|43|43|43|0
28T402|1|1|1|0|107|149|149|1
28T403|1|1|1|0|107|107|107|0
28T404|1|1|1|0|96|96|96|0
28T405|1|1|1|0|40|40|40|0
28T406|1|1|1|0|43|43|43|0
28T407|1|1|1|0|43|43|43|0
28T408|1|1|1|0|40|40|40|0
28T409|1|1|1|0|160|160|160|0
28T410|1|1|1|0|107|149|149|1
28T411|3|3|3|0|299|299|299|0
28T412|1|1|1|0|299|299|299|0
28T413|1|1|1|0|23|23|23|0
28T414|1|1|1|0|28|28|28|0
28T415|1|1|1|0|49|139|139|1
28T416|1|1|1|0|16|35|35|1
28T417|1|1|1|0|12|12|12|0
28T418|1|2|2|1|119|211|211|1
28T419|1|2|2|1|87|155|155|1
28T420|1|2|2|1|121|218|218|1
28T421|1|1|1|0|103|103|103|0
28T422|1|2|2|1|149|242|242|1
28T423|1|1|1|0|117|117|117|0
28T424|1|1|1|0|128|128|128|0
28T425|1|1|1|0|104|104|104|0
28T426|1|1|1|0|9|9|9|0
28T427|1|1|1|0|37|37|37|0
28T428|1|1|1|0|39|39|39|0
28T429|1|1|1|0|44|44|44|0
28T430|2|2|2|0|37|37|37|0
28T431|1|1|1|0|59|59|59|0
28T432|2|2|2|0|37|37|37|0
28T433|1|1|1|0|11|11|11|0
28T434|1|1|1|0|74|74|74|0
28T435|1|1|1|0|35|35|35|0
28T436|1|1|1|0|49|49|49|0
28T437|3|3|3|0|35|35|35|0
28T438|1|1|1|0|24|24|24|0
28T439|1|1|1|0|24|24|24|0
28T440|1|1|1|0|29|29|29|0
28T441|1|1|1|0|29|29|29|0
28T442|1|1|1|0|28|28|28|0
28T443|1|1|1|0|28|28|28|0
28T444|1|1|1|0|35|38|38|1
28T445|1|1|1|0|35|35|35|0
28T446|1|1|1|0|28|28|28|0
28T447|1|1|1|0|35|38|38|1
28T448|1|1|1|0|28|28|28|0
28T449|1|1|1|0|33|33|33|0
28T450|1|1|1|0|33|33|33|0
28T451|1|1|1|0|29|29|29|0
28T452|1|1|1|0|29|29|29|0
28T453|1|1|1|0|29|29|29|0
28T454|1|1|1|0|29|29|29|0
28T455|1|1|1|0|47|47|47|0
28T456|1|1|1|0|47|47|47|0
28T457|1|1|1|0|29|29|29|0
28T458|1|1|1|0|29|29|29|0
28T459|1|1|1|0|47|47|47|0
28T460|1|1|1|0|77|77|77|0
28T461|1|1|1|0|77|77|77|0
28T462|1|1|1|0|45|45|45|0
28T463|1|1|1|0|45|45|45|0
28T464|1|1|1|0|45|45|45|0
28T465|1|1|1|0|24|44|44|1
28T466|1|3|3|1|21|40|40|1
28T467|2|4|4|1|31|49|49|1
28T468|1|1|1|0|37|51|51|1
28T469|1|1|1|0|182|182|182|0
28T470|1|1|1|0|46|46|46|0
28T471|1|1|1|0|46|46|46|0
28T472|1|1|1|0|182|299|299|1
28T473|1|1|1|0|182|182|182|0
28T474|4|4|4|0|46|46|46|0
28T475|3|3|3|0|298|298|298|0
28T476|3|3|3|0|50|50|50|0
28T477|3|3|3|0|50|50|50|0
28T478|9|9|9|0|586|586|586|0
28T479|1|1|1|0|59|130|130|1
28T480|1|3|3|1|52|144|144|1
28T481|1|6|3|3|116|643|335|3
28T482|1|6|6|1|134|664|664|1
28T483|1|2|1|2|47|83|47|2
28T484|1|2|2|1|64|93|93|1
28T485|1|1|1|0|9|9|9|0
28T486|2|2|2|0|23|23|23|0
28T487|2|2|2|0|17|17|17|0
28T488|1|1|1|0|27|27|27|0
28T489|1|1|1|0|33|71|71|1
28T490|1|1|1|0|28|71|46|3
28T491|1|1|1|0|25|25|25|0
28T492|1|1|1|0|22|25|22|2
28T493|2|2|2|0|62|62|62|0
28T494|2|2|2|0|82|82|82|0
28T495|2|2|2|0|76|76|76|0
28T496|2|2|2|0|95|95|95|0
28T497|1|1|1|0|79|79|79|0
28T498|1|1|1|0|67|67|67|0
28T499|1|2|2|1|134|224|224|1
28T500|1|1|1|0|116|116|116|0
28T501|1|1|1|0|74|74|74|0
28T502|1|1|1|0|21|21|21|0
28T503|1|1|1|0|71|71|71|0
28T504|1|1|1|0|60|60|60|0
28T505|1|1|1|0|57|57|57|0
28T506|1|1|1|0|57|57|57|0
28T507|1|1|1|0|71|77|77|1
28T508|1|1|1|0|71|71|71|0
28T509|1|1|1|0|46|46|46|0
28T510|1|1|1|0|58|58|58|0
28T511|1|1|1|0|57|57|57|0
28T512|1|1|1|0|60|60|60|0
28T513|1|1|1|0|88|88|88|0
28T514|1|1|1|0|71|77|77|1
28T515|1|1|1|0|57|57|57|0
28T516|1|1|1|0|46|46|46|0
28T517|1|1|1|0|68|68|68|0
28T518|1|1|1|0|41|41|41|0
28T519|1|1|1|0|49|49|49|0
28T520|1|1|1|0|41|41|41|0
28T521|1|1|1|0|49|49|49|0
28T522|1|1|1|0|47|47|47|0
28T523|1|1|1|0|59|59|59|0
28T524|1|1|1|0|47|47|47|0
28T525|1|1|1|0|59|59|59|0
28T526|1|1|1|0|59|59|59|0
28T527|1|1|1|0|59|59|59|0
28T528|1|1|1|0|59|59|59|0
28T529|1|1|1|0|59|59|59|0
28T530|3|3|3|0|95|95|95|0
28T531|1|1|1|0|42|42|42|0
28T532|1|1|1|0|59|59|59|0
28T533|1|1|1|0|42|42|42|0
28T534|1|1|1|0|59|59|59|0
28T535|1|1|1|0|47|47|47|0
28T536|3|3|3|0|95|95|95|0
28T537|1|1|1|0|47|47|47|0
28T538|1|1|1|0|155|155|155|0
28T539|1|1|1|0|91|91|91|0
28T540|1|1|1|0|91|91|91|0
28T541|1|1|1|0|113|113|113|0
28T542|1|1|1|0|21|21|21|0
28T543|1|1|1|0|21|21|21|0
28T544|1|1|1|0|39|69|69|1
28T545|1|1|1|0|23|28|28|1
28T546|1|1|1|0|20|20|20|0
28T547|3|3|3|0|309|309|309|0
28T548|3|3|3|0|389|389|389|0
28T549|1|1|1|0|81|81|81|0
28T550|1|1|1|0|65|65|65|0
28T551|1|1|1|0|81|81|81|0
28T552|1|1|1|0|65|65|65|0
28T553|1|1|1|0|93|93|93|0
28T554|1|1|1|0|597|597|597|0
28T555|1|1|1|0|71|71|71|0
28T556|1|1|1|0|71|71|71|0
28T557|1|1|1|0|73|73|73|0
28T558|1|1|1|0|65|65|65|0
28T559|1|1|1|0|81|81|81|0
28T560|1|1|1|0|73|73|73|0
28T561|1|1|1|0|91|91|91|0
28T562|1|1|1|0|65|65|65|0
28T563|1|1|1|0|101|101|101|0
28T564|1|1|1|0|65|65|65|0
28T565|1|1|1|0|101|101|101|0
28T566|1|1|1|0|65|65|65|0
28T567|1|1|1|0|93|93|93|0
28T568|4|4|4|0|93|93|93|0
28T569|3|3|3|0|309|586|586|1
28T570|3|3|3|0|93|93|93|0
28T571|6|6|6|0|309|309|309|0
28T572|3|3|3|0|93|93|93|0
28T573|3|3|3|0|217|325|325|1
28T574|3|3|3|0|64|64|64|0
28T575|9|9|9|0|389|389|389|0
28T576|3|3|3|0|64|64|64|0
28T577|3|3|3|0|217|325|325|1
28T578|3|3|3|0|217|325|325|1
28T579|3|3|3|0|217|325|325|1
28T580|3|3|3|0|64|64|64|0
28T581|3|3|3|0|64|64|64|0
28T582|3|3|3|0|64|64|64|0
28T583|3|3|3|0|64|64|64|0
28T584|3|3|3|0|64|64|64|0
28T585|3|3|3|0|64|64|64|0
28T586|6|6|6|0|389|389|389|0
28T587|9|9|9|0|389|389|389|0
28T588|3|3|3|0|93|93|93|0
28T589|3|3|3|0|309|586|586|1
28T590|4|4|4|0|93|93|93|0
28T591|1|1|1|0|1173|1173|1173|0
28T592|1|1|1|0|88|88|88|0
28T593|1|2|2|1|56|98|98|1
28T594|1|2|2|1|67|244|244|1
28T595|1|1|1|0|52|104|104|1
28T596|1|6|6|1|60|272|272|1
28T597|1|3|3|1|45|118|118|1
28T598|1|6|6|1|124|629|629|1
28T599|1|6|6|1|92|461|461|1
28T600|1|2|2|1|61|93|93|1
28T601|1|2|2|1|47|72|72|1
28T602|1|1|1|0|42|44|42|2
28T603|1|2|2|1|55|86|86|1
28T604|1|1|1|0|56|56|56|0
28T605|1|1|1|0|43|44|43|2
28T606|1|1|1|0|51|53|51|2
28T607|1|1|1|0|61|61|61|0
28T608|1|1|1|0|67|67|67|0
28T609|1|2|2|1|83|110|110|1
28T610|1|6|6|1|127|650|650|1
28T611|1|3|3|1|107|303|303|1
28T612|1|6|6|1|157|720|720|1
28T613|1|3|3|1|123|341|341|1
28T614|1|3|3|1|133|376|376|1
28T615|1|3|3|1|109|304|304|1
28T616|1|1|1|0|14|15|\N|\N
28T617|1|1|1|0|44|44|44|0
28T618|2|2|2|0|37|37|37|0
28T619|1|1|1|0|39|39|39|0
28T620|1|1|1|0|29|29|29|0
28T621|1|1|1|0|51|135|135|1
28T622|1|1|1|0|39|45|45|1
28T623|2|2|2|0|59|59|59|0
28T624|2|2|2|0|51|51|51|0
28T625|2|2|2|0|55|55|55|0
28T626|2|2|2|0|125|125|125|0
28T627|3|3|3|0|55|55|55|0
28T628|3|3|3|0|51|51|51|0
28T629|4|4|4|0|77|77|77|0
28T630|4|4|4|0|55|55|55|0
28T631|1|1|1|0|110|110|110|0
28T632|1|1|1|0|80|91|\N|\N
28T633|1|1|1|0|80|80|80|0
28T634|1|1|1|0|110|110|110|0
28T635|1|1|1|0|110|155|155|1
28T636|1|1|1|0|80|80|80|0
28T637|1|1|1|0|114|114|114|0
28T638|1|1|1|0|72|72|72|0
28T639|1|1|1|0|72|72|72|0
28T640|1|1|1|0|83|83|83|0
28T641|1|1|1|0|83|83|83|0
28T642|2|2|2|0|40|40|40|0
28T643|2|2|2|0|32|32|32|0
28T644|1|1|1|0|39|39|39|0
28T645|1|1|1|0|45|45|45|0
28T646|1|1|1|0|40|40|40|0
28T647|1|1|1|0|41|41|41|0
28T648|1|1|1|0|116|116|116|0
28T649|3|3|3|0|222|222|222|0
28T650|1|1|1|0|70|70|70|0
28T651|1|1|1|0|70|70|70|0
28T652|2|2|2|0|83|83|83|0
28T653|2|2|2|0|83|83|83|0
28T654|1|1|1|0|62|62|62|0
28T655|1|1|1|0|62|62|62|0
28T656|3|3|3|0|222|222|222|0
28T657|3|3|3|0|198|198|198|0
28T658|1|2|1|2|58|221|121|3
28T659|1|2|2|1|76|257|257|1
28T660|1|2|1|2|32|50|32|2
28T661|1|2|2|1|44|54|54|1
28T662|1|3|3|1|65|169|169|1
28T663|1|1|1|0|47|57|57|1
28T664|1|1|1|0|42|57|42|2
28T665|1|1|1|0|36|41|36|2
28T666|1|1|1|0|36|41|36|2
28T667|1|1|1|0|41|41|41|0
28T668|1|1|1|0|41|41|41|0
28T669|1|1|1|0|24|24|24|0
28T670|1|1|1|0|32|32|32|0
28T671|7|7|7|0|608|608|608|0
28T672|7|7|7|0|619|619|619|0
28T673|10|10|10|0|715|715|715|0
28T674|10|10|10|0|779|779|779|0
28T675|3|3|3|0|263|263|263|0
28T676|3|3|3|0|263|263|263|0
28T677|1|1|1|0|115|115|115|0
28T678|1|1|1|0|115|115|115|0
28T679|1|1|1|0|115|115|115|0
28T680|1|1|1|0|115|115|115|0
28T681|1|1|1|0|187|187|187|0
28T682|1|1|1|0|102|102|102|0
28T683|1|1|1|0|102|102|102|0
28T684|1|1|1|0|102|102|102|0
28T685|1|1|1|0|102|102|102|0
28T686|1|1|1|0|115|115|115|0
28T687|1|1|1|0|107|107|107|0
28T688|1|1|1|0|107|107|107|0
28T689|1|1|1|0|115|115|115|0
28T690|1|1|1|0|187|187|187|0
28T691|1|1|1|0|140|140|140|0
28T692|1|1|1|0|619|1173|1173|1
28T693|1|1|1|0|108|108|108|0
28T694|1|1|1|0|102|102|102|0
28T695|1|1|1|0|134|134|134|0
28T696|1|1|1|0|113|113|113|0
28T697|1|1|1|0|113|113|113|0
28T698|1|1|1|0|115|115|115|0
28T699|1|1|1|0|115|115|115|0
28T700|1|1|1|0|187|187|187|0
28T701|1|1|1|0|108|108|108|0
28T702|1|1|1|0|102|102|102|0
28T703|1|1|1|0|102|102|102|0
28T704|1|1|1|0|619|619|619|0
28T705|1|1|1|0|187|187|187|0
28T706|1|1|1|0|427|651|427|2
28T707|1|1|1|0|435|651|651|1
28T708|1|1|1|0|129|129|129|0
28T709|1|1|1|0|107|107|107|0
28T710|1|1|1|0|715|715|715|0
28T711|1|1|1|0|107|107|107|0
28T712|1|1|1|0|129|129|129|0
28T713|1|1|1|0|435|651|651|1
28T714|1|1|1|0|129|129|129|0
28T715|1|1|1|0|129|129|129|0
28T716|1|1|1|0|779|779|779|0
28T717|1|1|1|0|435|651|651|1
28T718|1|1|1|0|129|129|129|0
28T719|1|1|1|0|129|129|129|0
28T720|1|1|1|0|619|1173|1173|1
28T721|1|1|1|0|105|105|105|0
28T722|1|1|1|0|608|608|608|0
28T723|1|1|1|0|108|108|108|0
28T724|1|1|1|0|187|187|187|0
28T725|1|1|1|0|138|138|138|0
28T726|1|1|1|0|115|115|115|0
28T727|1|1|1|0|102|102|102|0
28T728|1|1|1|0|113|113|113|0
28T729|1|1|1|0|102|102|102|0
28T730|1|1|1|0|110|110|110|0
28T731|1|1|1|0|115|115|115|0
28T732|1|1|1|0|107|107|107|0
28T733|1|1|1|0|102|102|102|0
28T734|1|1|1|0|105|105|105|0
28T735|1|1|1|0|108|108|108|0
28T736|1|1|1|0|115|115|115|0
28T737|1|1|1|0|102|102|102|0
28T738|1|1|1|0|102|102|102|0
28T739|1|1|1|0|113|113|113|0
28T740|1|1|1|0|115|115|115|0
28T741|1|1|1|0|110|110|110|0
28T742|1|1|1|0|187|187|187|0
28T743|1|1|1|0|138|138|138|0
28T744|1|1|1|0|167|167|167|0
28T745|1|1|1|0|134|134|134|0
28T746|3|3|3|0|2347|2347|2347|0
28T747|1|1|1|0|1184|1184|1184|0
28T748|3|3|3|0|263|389|389|1
28T749|3|3|3|0|263|389|389|1
28T750|3|3|3|0|113|113|113|0
28T751|3|3|3|0|113|113|113|0
28T752|3|3|3|0|113|113|113|0
28T753|3|3|3|0|113|113|113|0
28T754|6|6|6|0|263|263|263|0
28T755|6|6|6|0|263|263|263|0
28T756|3|3|3|0|113|113|113|0
28T757|3|3|3|0|113|113|113|0
28T758|4|4|4|0|113|113|113|0
28T759|4|4|4|0|113|113|113|0
28T760|1|1|1|0|779|779|779|0
28T761|1|1|1|0|779|779|779|0
28T762|3|3|3|0|263|389|389|1
28T763|3|3|3|0|263|389|389|1
28T764|1|2|2|1|98|167|167|1
28T765|1|1|1|0|43|43|43|0
28T766|2|2|2|0|35|38|35|2
28T767|2|2|2|0|50|52|50|2
28T768|2|2|2|0|49|49|49|0
28T769|2|2|2|0|63|63|63|0
28T770|2|4|4|1|69|174|174|1
28T771|2|4|4|1|90|232|232|1
28T772|2|4|4|1|85|212|212|1
28T773|2|4|4|1|105|267|267|1
28T774|1|1|1|0|45|45|45|0
28T775|1|1|1|0|33|35|33|2
28T776|1|2|2|1|78|106|106|1
28T777|1|1|1|0|60|63|60|2
28T778|2|2|2|0|43|43|43|0
28T779|2|2|2|0|62|62|62|0
28T780|1|6|6|1|144|664|664|1
28T781|1|3|3|1|124|334|334|1
28T782|1|3|3|1|85|227|227|1
28T783|1|3|3|1|73|191|191|1
28T784|1|1|1|0|74|74|74|0
28T785|1|1|1|0|41|41|41|0
28T786|3|3|3|0|58|58|58|0
28T787|3|3|3|0|48|48|48|0
28T788|3|3|3|0|83|83|83|0
28T789|3|3|3|0|68|68|68|0
28T790|1|1|1|0|68|68|68|0
28T791|1|1|1|0|83|83|83|0
28T792|1|1|1|0|153|153|153|0
28T793|1|1|1|0|127|127|127|0
28T794|1|1|1|0|81|81|81|0
28T795|1|1|1|0|53|53|53|0
28T796|1|1|1|0|61|61|61|0
28T797|1|1|1|0|49|49|49|0
28T798|1|1|1|0|65|65|65|0
28T799|1|1|1|0|53|53|53|0
28T800|1|1|1|0|79|79|79|0
28T801|1|1|1|0|59|59|59|0
28T802|1|1|1|0|83|83|83|0
28T803|1|1|1|0|91|91|91|0
28T804|1|1|1|0|81|81|81|0
28T805|1|1|1|0|233|233|233|0
28T806|1|1|1|0|49|49|49|0
28T807|1|1|1|0|73|73|73|0
28T808|1|1|1|0|65|65|65|0
28T809|2|2|2|0|74|74|74|0
28T810|2|2|2|0|65|65|65|0
28T811|3|3|3|0|52|52|52|0
28T812|3|3|3|0|74|74|74|0
28T813|1|1|1|0|52|52|52|0
28T814|1|1|1|0|52|62|\N|\N
28T815|1|1|1|0|74|74|74|0
28T816|1|1|1|0|74|74|74|0
28T817|1|1|1|0|74|74|74|0
28T818|1|1|1|0|74|74|74|0
28T819|1|1|1|0|127|222|222|1
28T820|2|2|2|0|127|127|127|0
28T821|1|1|1|0|89|125|125|1
28T822|3|3|3|0|153|153|153|0
28T823|1|1|1|0|89|125|125|1
28T824|1|1|1|0|89|125|125|1
28T825|1|1|1|0|89|125|125|1
28T826|2|2|2|0|153|153|153|0
28T827|3|3|3|0|153|153|153|0
28T828|1|1|1|0|52|62|\N|\N
28T829|1|1|1|0|73|73|73|0
28T830|1|1|1|0|74|74|74|0
28T831|1|1|1|0|74|74|74|0
28T832|1|1|1|0|127|222|222|1
28T833|1|1|1|0|445|445|445|0
28T834|1|1|1|0|125|125|125|0
28T835|1|1|1|0|125|125|125|0
28T836|1|1|1|0|125|125|125|0
28T837|1|1|1|0|125|125|125|0
28T838|3|3|3|0|153|153|153|0
28T839|3|3|3|0|134|134|134|0
28T840|3|3|3|0|196|196|196|0
28T841|3|3|3|0|116|116|116|0
28T842|1|2|2|1|82|225|225|1
28T843|1|2|2|1|63|186|186|1
28T844|1|2|2|1|53|79|79|1
28T845|1|2|2|1|39|53|53|1
28T846|1|6|6|1|62|286|286|1
28T847|1|3|3|1|94|254|254|1
28T848|1|1|1|0|53|108|106|3
28T849|1|2|2|1|72|228|228|1
28T850|1|1|1|0|69|144|144|1
28T851|1|1|1|0|55|108|107|3
28T852|1|1|1|0|68|123|121|3
28T853|1|1|1|0|77|155|155|1
28T854|1|1|1|0|79|179|179|1
28T855|1|2|2|1|102|298|298|1
28T856|1|2|2|1|42|53|53|1
28T857|1|1|1|0|23|24|23|2
28T858|1|1|1|0|47|47|47|0
28T859|1|1|1|0|28|32|28|2
28T860|1|1|1|0|42|42|42|0
28T861|1|1|1|0|36|41|36|2
28T862|1|1|1|0|40|40|40|0
28T863|1|2|2|1|64|68|68|1
28T864|1|6|6|1|77|321|321|1
28T865|1|3|3|1|61|144|144|1
28T866|1|1|1|0|77|107|107|1
28T867|1|1|1|0|67|77|77|1
28T868|1|1|1|0|67|77|77|1
28T869|1|1|1|0|44|44|44|0
28T870|1|1|1|0|1206|1206|1206|0
28T871|1|1|1|0|1366|1366|1366|0
28T872|7|7|7|0|481|481|481|0
28T873|7|7|7|0|527|527|527|0
28T874|7|7|7|0|501|501|501|0
28T875|7|7|7|0|474|474|474|0
28T876|1|1|1|0|192|192|192|0
28T877|1|1|1|0|192|192|192|0
28T878|1|1|1|0|192|192|192|0
28T879|1|1|1|0|192|192|192|0
28T880|1|1|1|0|234|234|234|0
28T881|1|1|1|0|474|779|779|1
28T882|1|1|1|0|474|474|474|0
28T883|1|1|1|0|172|172|172|0
28T884|1|1|1|0|172|172|172|0
28T885|1|1|1|0|527|779|779|1
28T886|1|1|1|0|227|227|227|0
28T887|1|1|1|0|227|227|227|0
28T888|1|1|1|0|527|527|527|0
28T889|1|1|1|0|204|204|204|0
28T890|1|1|1|0|194|194|194|0
28T891|1|1|1|0|192|192|192|0
28T892|1|1|1|0|192|192|192|0
28T893|1|1|1|0|194|194|194|0
28T894|1|1|1|0|192|192|192|0
28T895|1|1|1|0|192|192|192|0
28T896|1|1|1|0|204|204|204|0
28T897|2|2|2|0|1206|1206|1206|0
28T898|1|1|1|0|204|204|204|0
28T899|1|1|1|0|228|228|228|0
28T900|1|1|1|0|228|228|228|0
28T901|1|1|1|0|1206|2347|2347|1
28T902|1|1|1|0|192|192|192|0
28T903|1|1|1|0|474|779|779|1
28T904|1|1|1|0|172|172|172|0
28T905|1|1|1|0|172|172|172|0
28T906|2|2|2|0|1366|1366|1366|0
28T907|1|1|1|0|501|501|501|0
28T908|1|1|1|0|156|156|156|0
28T909|1|1|1|0|156|156|156|0
28T910|1|1|1|0|761|1303|1303|1
28T911|1|1|1|0|527|779|779|1
28T912|1|1|1|0|227|227|227|0
28T913|1|1|1|0|227|227|227|0
28T914|3|3|3|0|1559|1559|1559|0
28T915|1|1|1|0|481|481|481|0
28T916|1|1|1|0|166|166|166|0
28T917|1|1|1|0|166|166|166|0
28T918|1|1|1|0|825|1238|1238|1
28T919|2|2|2|0|43|69|69|1
28T920|2|4|4|1|36|83|83|1
28T921|2|2|2|0|42|45|45|1
28T922|2|2|2|0|44|44|44|0
28T923|2|2|2|0|86|86|86|0
28T924|2|2|2|0|42|42|42|0
28T925|2|4|4|1|61|135|135|1
28T926|2|4|4|1|139|349|349|1
28T927|2|4|4|1|64|149|149|1
28T928|2|4|4|1|70|157|157|1
28T929|3|3|3|0|36|41|36|2
28T930|3|3|3|0|40|43|40|2
28T931|4|4|4|0|64|64|64|0
28T932|4|4|4|0|42|42|42|0
28T933|4|4|4|0|40|43|40|2
28T934|3|5|5|1|64|149|149|1
28T935|3|5|5|1|60|137|137|1
28T936|4|6|6|1|94|199|199|1
28T937|4|6|6|1|64|149|149|1
28T938|1|1|1|0|96|96|96|0
28T939|1|1|1|0|59|59|59|0
28T940|1|2|1|2|42|128|80|3
28T941|1|2|2|1|62|134|134|1
28T942|1|2|1|2|33|50|33|2
28T943|1|2|2|1|48|69|69|1
28T944|1|1|1|0|89|89|89|0
28T945|1|1|1|0|54|54|54|0
28T946|1|1|1|0|59|59|59|0
28T947|4|4|4|0|307|307|307|0
28T948|4|4|4|0|279|279|279|0
28T949|3|3|3|0|244|245|244|2
28T950|3|3|3|0|255|255|255|0
28T951|1|1|1|0|115|115|115|0
28T952|1|1|1|0|115|115|115|0
28T953|1|1|1|0|147|147|147|0
28T954|1|1|1|0|97|97|97|0
28T955|1|1|1|0|87|87|87|0
28T956|1|1|1|0|87|87|87|0
28T957|1|1|1|0|131|131|131|0
28T958|1|1|1|0|75|75|75|0
28T959|1|1|1|0|76|76|76|0
28T960|1|1|1|0|149|149|149|0
28T961|1|1|1|0|110|110|110|0
28T962|1|1|1|0|87|87|87|0
28T963|1|1|1|0|72|72|72|0
28T964|1|1|1|0|71|71|71|0
28T965|1|1|1|0|72|72|72|0
28T966|1|1|1|0|131|131|131|0
28T967|1|1|1|0|98|98|98|0
28T968|1|1|1|0|149|149|149|0
28T969|1|1|1|0|120|120|120|0
28T970|1|1|1|0|105|105|105|0
28T971|1|1|1|0|94|94|94|0
28T972|1|1|1|0|105|105|105|0
28T973|1|1|1|0|75|75|75|0
28T974|1|1|1|0|75|75|75|0
28T975|1|1|1|0|105|125|\N|\N
28T976|1|1|1|0|149|149|149|0
28T977|1|1|1|0|149|149|149|0
28T978|1|1|1|0|149|149|149|0
28T979|1|1|1|0|149|149|149|0
28T980|1|1|1|0|255|445|445|1
28T981|1|1|1|0|255|255|255|0
28T982|1|1|1|0|71|71|71|0
28T983|1|1|1|0|173|251|173|2
28T984|1|1|1|0|179|251|251|1
28T985|1|1|1|0|279|279|279|0
28T986|1|1|1|0|179|251|251|1
28T987|1|1|1|0|307|307|307|0
28T988|1|1|1|0|179|251|251|1
28T989|1|1|1|0|105|125|\N|\N
28T990|1|1|1|0|142|142|142|0
28T991|1|1|1|0|75|75|75|0
28T992|1|1|1|0|94|94|94|0
28T993|1|1|1|0|94|94|94|0
28T994|1|1|1|0|76|76|76|0
28T995|1|1|1|0|97|97|97|0
28T996|1|1|1|0|110|110|110|0
28T997|1|1|1|0|154|154|154|0
28T998|1|1|1|0|120|120|120|0
28T999|1|1|1|0|110|110|110|0
28T1000|1|1|1|0|149|149|149|0
28T1001|1|1|1|0|149|149|149|0
28T1002|1|1|1|0|147|147|147|0
28T1003|1|1|1|0|255|445|445|1
28T1004|1|1|1|0|72|72|72|0
28T1005|3|3|3|0|891|891|891|0
28T1006|1|1|1|0|244|245|244|2
28T1007|1|1|1|0|87|87|87|0
28T1008|1|1|1|0|456|456|456|0
28T1009|1|1|1|0|115|153|153|1
28T1010|1|1|1|0|115|153|153|1
28T1011|2|2|2|0|115|115|115|0
28T1012|2|2|2|0|115|115|115|0
28T1013|1|1|1|0|115|153|153|1
28T1014|1|1|1|0|115|153|153|1
28T1015|1|1|1|0|307|307|307|0
28T1016|1|1|1|0|307|307|307|0
28T1017|1|1|1|0|251|251|251|0
28T1018|1|1|1|0|251|251|251|0
28T1019|1|1|1|0|809|809|809|0
28T1020|1|1|1|0|63|63|63|0
28T1021|1|1|1|0|63|63|63|0
28T1022|1|1|1|0|785|785|785|0
28T1023|3|3|3|0|137|137|137|0
28T1024|1|2|2|1|110|260|260|1
28T1025|1|1|1|0|90|127|126|3
28T1026|1|1|1|0|61|107|107|1
28T1027|1|1|1|0|49|73|71|3
28T1028|1|2|2|1|71|89|89|1
28T1029|1|1|1|0|58|58|58|0
28T1030|1|1|1|0|33|33|33|0
28T1031|1|1|1|0|27|27|27|0
28T1032|2|2|2|0|80|104|96|3
28T1033|2|2|2|0|56|72|67|3
28T1034|2|2|2|0|95|131|131|1
28T1035|2|2|2|0|72|105|105|1
28T1036|2|2|2|0|28|30|28|2
28T1037|2|2|2|0|50|50|50|0
28T1038|2|2|2|0|42|48|48|1
28T1039|2|2|2|0|63|63|63|0
28T1040|2|2|2|0|43|44|44|1
28T1041|2|2|2|0|57|57|57|0
28T1042|2|2|2|0|62|93|93|1
28T1043|2|2|2|0|82|148|148|1
28T1044|1|6|6|1|109|489|489|1
28T1045|1|3|3|1|51|115|115|1
28T1046|3|3|3|0|79|81|81|1
28T1047|1|1|1|0|917|917|917|0
28T1048|4|4|4|0|437|437|437|0
28T1049|1|1|1|0|437|437|437|0
28T1050|1|1|1|0|358|358|358|0
28T1051|1|1|1|0|358|358|358|0
28T1052|1|1|1|0|389|389|389|0
28T1053|1|1|1|0|272|272|272|0
28T1054|1|1|1|0|272|272|272|0
28T1055|2|2|2|0|917|917|917|0
28T1056|1|1|1|0|917|1559|1559|1
28T1057|2|2|2|0|43|43|43|0
28T1058|2|2|2|0|71|71|71|0
28T1059|1|1|1|0|48|79|79|1
28T1060|1|1|1|0|43|89|89|1
28T1061|3|3|3|0|54|54|54|0
28T1062|3|3|3|0|43|48|43|2
28T1063|3|3|3|0|51|57|51|2
28T1064|3|3|3|0|67|67|67|0
28T1065|1|1|1|0|51|57|51|2
28T1066|1|1|1|0|67|67|67|0
28T1067|3|5|5|1|74|144|144|1
28T1068|3|5|5|1|59|124|124|1
28T1069|3|5|5|1|99|219|219|1
28T1070|3|5|5|1|79|184|184|1
28T1071|1|1|1|0|79|184|184|1
28T1072|1|1|1|0|99|219|219|1
28T1073|1|1|1|0|74|74|74|0
28T1074|1|1|1|0|91|91|91|0
28T1075|1|1|1|0|65|65|65|0
28T1076|1|2|2|1|68|209|209|1
28T1077|1|2|2|1|53|131|131|1
28T1078|1|2|2|1|51|69|69|1
28T1079|1|2|2|1|42|55|55|1
28T1080|1|2|2|1|57|135|135|1
28T1081|1|1|1|0|36|50|47|3
28T1082|1|2|2|1|93|160|160|1
28T1083|1|1|1|0|69|103|103|1
28T1084|1|1|1|0|66|76|76|1
28T1085|1|1|1|0|59|75|66|3
28T1086|1|1|1|0|61|92|92|1
28T1087|1|1|1|0|46|58|52|3
28T1088|1|2|2|1|45|67|53|3
28T1089|1|1|1|0|31|44|31|2
28T1090|1|1|1|0|47|59|54|3
28T1091|1|1|1|0|38|50|38|2
28T1092|1|1|1|0|52|60|60|1
28T1093|1|2|2|1|71|77|77|1
28T1094|1|1|1|0|83|83|83|0
28T1095|1|1|1|0|89|89|89|0
28T1096|1|1|1|0|119|119|119|0
28T1097|2|2|2|0|109|109|109|0
28T1098|1|1|1|0|109|109|109|0
28T1099|1|1|1|0|109|109|109|0
28T1100|1|1|1|0|530|530|530|0
28T1101|1|1|1|0|478|484|484|1
28T1102|3|3|3|0|205|205|205|0
28T1103|3|3|3|0|210|210|210|0
28T1104|3|3|3|0|231|231|231|0
28T1105|3|3|3|0|201|201|201|0
28T1106|1|1|1|0|180|180|180|0
28T1107|1|1|1|0|119|119|119|0
28T1108|1|1|1|0|130|130|130|0
28T1109|1|1|1|0|130|130|130|0
28T1110|1|1|1|0|164|164|164|0
28T1111|1|1|1|0|212|212|212|0
28T1112|1|1|1|0|168|168|168|0
28T1113|1|1|1|0|201|307|307|1
28T1114|1|1|1|0|201|201|201|0
28T1115|1|1|1|0|231|307|307|1
28T1116|1|1|1|0|231|231|231|0
28T1117|1|1|1|0|119|119|119|0
28T1118|1|1|1|0|168|168|168|0
28T1119|1|1|1|0|168|251|\N|\N
28T1120|1|1|1|0|119|119|119|0
28T1121|1|1|1|0|180|180|180|0
28T1122|1|1|1|0|180|180|180|0
28T1123|1|1|1|0|212|251|251|1
28T1124|1|1|1|0|212|212|212|0
28T1125|1|1|1|0|130|130|130|0
28T1126|2|2|2|0|478|484|484|1
28T1127|1|1|1|0|478|891|891|1
28T1128|1|1|1|0|201|307|307|1
28T1129|2|2|2|0|530|530|530|0
28T1130|1|1|1|0|210|210|210|0
28T1131|1|1|1|0|305|503|503|1
28T1132|1|1|1|0|231|307|307|1
28T1133|3|3|3|0|615|615|615|0
28T1134|1|1|1|0|205|205|205|0
28T1135|1|1|1|0|333|474|474|1
28T1136|2|2|2|0|83|83|83|0
28T1137|1|1|1|0|118|118|118|0
28T1138|3|3|3|0|198|198|198|0
28T1139|1|1|1|0|543|543|543|0
28T1140|1|1|1|0|586|586|586|0
28T1141|1|1|1|0|524|524|524|0
28T1142|1|1|1|0|426|426|426|0
28T1143|2|2|2|0|144|189|189|1
28T1144|2|2|2|0|68|81|81|1
28T1145|2|2|2|0|75|93|93|1
28T1146|2|2|2|0|74|96|96|1
28T1147|2|2|2|0|44|44|44|0
28T1148|2|2|2|0|36|36|36|0
28T1149|2|2|2|0|43|43|43|0
28T1150|2|2|2|0|92|92|92|0
28T1151|3|3|3|0|47|51|47|2
28T1152|3|3|3|0|43|49|43|2
28T1153|4|4|4|0|75|75|75|0
28T1154|4|4|4|0|51|66|61|3
28T1155|4|4|4|0|53|62|62|1
28T1156|3|3|3|0|69|93|70|3
28T1157|3|3|3|0|65|91|65|2
28T1158|4|4|4|0|101|122|122|1
28T1159|4|4|4|0|68|81|81|1
28T1160|4|4|4|0|69|93|70|3
28T1161|2|4|4|1|56|109|109|1
28T1162|\N|\N|\N|\N|68|107|68|2
28T1163|1|2|2|1|91|174|174|1
28T1164|1|1|1|0|27|27|27|0
28T1165|1|1|1|0|25|30|30|1
28T1166|4|4|4|0|148|163|148|2
28T1167|4|4|4|0|159|163|163|1
28T1168|3|3|3|0|100|100|100|0
28T1169|3|3|3|0|100|100|100|0
28T1170|3|3|3|0|114|114|114|0
28T1171|3|3|3|0|114|114|114|0
28T1172|1|1|1|0|875|875|875|0
28T1173|4|4|4|0|731|731|731|0
28T1174|4|4|4|0|728|728|728|0
28T1175|1|1|1|0|731|731|731|0
28T1176|1|1|1|0|731|731|731|0
28T1177|1|1|1|0|713|713|713|0
28T1178|1|1|1|0|713|713|713|0
28T1179|1|1|1|0|728|728|728|0
28T1180|2|2|2|0|875|875|875|0
28T1181|1|1|1|0|776|776|776|0
28T1182|1|1|1|0|731|731|731|0
28T1183|1|1|1|0|713|713|713|0
28T1184|1|1|1|0|706|706|706|0
28T1185|1|1|1|0|713|713|713|0
28T1186|1|1|1|0|706|706|706|0
28T1187|1|1|1|0|77|77|77|0
28T1188|1|1|1|0|79|84|84|1
28T1189|1|1|1|0|109|229|229|1
28T1190|1|1|1|0|319|319|319|0
28T1191|1|1|1|0|77|77|77|0
28T1192|2|2|2|0|50|66|50|2
28T1193|2|2|2|0|73|110|110|1
28T1194|2|2|2|0|75|92|92|1
28T1195|2|2|2|0|97|127|127|1
28T1196|2|2|2|0|46|68|46|2
28T1197|2|2|2|0|63|82|63|2
28T1198|2|2|2|0|63|82|82|1
28T1199|2|2|2|0|79|91|91|1
28T1200|2|2|2|0|77|91|91|1
28T1201|2|2|2|0|100|120|120|1
28T1202|1|2|2|1|96|229|229|1
28T1203|1|1|1|0|77|138|138|1
28T1204|1|1|1|0|44|55|51|3
28T1205|1|1|1|0|54|63|63|1
28T1206|1|1|1|0|39|53|39|2
28T1207|1|1|1|0|46|57|57|1
28T1208|1|1|1|0|60|72|60|2
28T1209|1|2|2|1|74|84|84|1
28T1210|1|1|1|0|55|81|81|1
28T1211|1|1|1|0|55|55|55|0
28T1212|1|1|1|0|139|139|139|0
28T1213|1|1|1|0|149|149|149|0
28T1214|1|1|1|0|139|139|139|0
28T1215|1|1|1|0|138|138|138|0
28T1216|1|1|1|0|164|164|164|0
28T1217|1|1|1|0|219|219|219|0
28T1218|1|1|1|0|385|385|385|0
28T1219|2|2|2|0|155|155|155|0
28T1220|2|2|2|0|193|193|193|0
28T1221|1|1|1|0|143|143|143|0
28T1222|1|1|1|0|156|156|156|0
28T1223|1|1|1|0|80|80|80|0
28T1224|1|1|1|0|95|95|95|0
28T1225|1|1|1|0|95|95|95|0
28T1226|1|1|1|0|167|167|167|0
28T1227|1|1|1|0|193|193|193|0
28T1228|1|1|1|0|167|167|167|0
28T1229|2|2|2|0|385|385|385|0
28T1230|1|1|1|0|385|615|615|1
28T1231|1|1|1|0|155|155|155|0
28T1232|1|1|1|0|123|123|123|0
28T1233|1|1|1|0|237|237|237|0
28T1234|1|1|1|0|151|151|151|0
28T1235|2|2|2|0|151|151|151|0
28T1236|1|1|1|0|156|198|198|1
28T1237|2|2|2|0|156|156|156|0
28T1238|1|1|1|0|397|397|397|0
28T1239|1|1|1|0|156|198|198|1
28T1240|1|1|1|0|401|401|401|0
28T1241|3|3|3|0|76|76|76|0
28T1242|3|3|3|0|50|50|50|0
28T1243|3|3|3|0|61|61|61|0
28T1244|3|3|3|0|60|60|60|0
28T1245|3|3|3|0|114|139|139|1
28T1246|3|3|3|0|93|133|93|2
28T1247|3|3|3|0|81|116|81|2
28T1248|3|3|3|0|97|120|120|1
28T1249|1|1|1|0|65|83|65|2
28T1250|1|1|1|0|87|105|105|1
28T1251|1|1|1|0|93|133|93|2
28T1252|1|1|1|0|114|139|139|1
28T1253|2|4|4|1|57|103|103|1
28T1254|2|4|4|1|85|187|187|1
28T1255|1|1|1|0|68|114|114|1
28T1256|1|1|1|0|29|29|29|0
28T1257|1|2|2|1|81|134|134|1
28T1258|1|2|2|1|97|134|134|1
28T1259|1|2|2|1|34|41|41|1
28T1260|1|1|1|0|43|43|43|0
28T1261|1|1|1|0|28|28|28|0
28T1262|1|2|2|1|39|42|42|1
28T1263|1|1|1|0|26|26|26|0
28T1264|1|2|2|1|37|47|47|1
28T1265|\N|\N|\N|\N|72|121|72|2
28T1266|\N|\N|\N|\N|92|179|111|3
28T1267|\N|\N|\N|\N|98|145|131|3
28T1268|\N|\N|\N|\N|84|127|84|2
28T1269|1|2|2|1|106|146|146|1
28T1270|1|2|2|1|132|189|189|1
28T1271|1|1|1|0|285|315|315|1
28T1272|4|4|4|0|201|201|201|0
28T1273|4|4|4|0|201|201|201|0
28T1274|4|4|4|0|209|209|209|0
28T1275|4|4|4|0|202|202|202|0
28T1276|4|4|4|0|229|229|229|0
28T1277|3|3|3|0|189|189|189|0
28T1278|3|3|3|0|189|189|189|0
28T1279|3|3|3|0|189|189|189|0
28T1280|3|3|3|0|189|189|189|0
28T1281|1|1|1|0|1454|1454|1454|0
28T1282|2|2|2|0|1454|1454|1454|0
28T1283|1|1|1|0|1406|1406|1406|0
28T1284|1|1|1|0|1406|1406|1406|0
28T1285|1|1|1|0|1454|1454|1454|0
28T1286|1|1|1|0|245|245|245|0
28T1287|1|1|1|0|228|228|228|0
28T1288|1|1|1|0|82|82|82|0
28T1289|1|1|1|0|193|193|193|0
28T1290|2|2|2|0|64|66|66|1
28T1291|2|2|2|0|76|85|85|1
28T1292|2|2|2|0|70|79|79|1
28T1293|2|2|2|0|127|208|208|1
28T1294|2|2|2|0|57|72|72|1
28T1295|2|2|2|0|68|91|91|1
28T1296|2|2|2|0|104|121|121|1
28T1297|2|2|2|0|60|73|73|1
28T1298|3|3|3|0|86|121|86|2
28T1299|3|3|3|0|82|119|82|2
28T1300|4|4|4|0|140|163|163|1
28T1301|4|4|4|0|105|154|141|3
28T1302|4|4|4|0|104|142|142|1
28T1303|3|3|3|0|76|119|76|2
28T1304|3|3|3|0|80|121|80|2
28T1305|4|4|4|0|116|145|145|1
28T1306|4|4|4|0|92|137|132|3
28T1307|1|1|1|0|54|54|54|0
28T1308|1|1|1|0|28|28|28|0
28T1309|2|2|2|0|100|163|118|3
28T1310|2|2|2|0|111|163|163|1
28T1311|2|2|2|0|100|109|100|2
28T1312|2|2|2|0|111|111|111|0
28T1313|1|1|1|0|59|60|59|2
28T1314|1|1|1|0|59|60|59|2
28T1315|1|1|1|0|55|60|60|1
28T1316|1|1|1|0|55|60|60|1
28T1317|1|1|1|0|70|81|81|1
28T1318|1|1|1|0|70|81|81|1
28T1319|1|1|1|0|74|74|74|0
28T1320|1|1|1|0|74|74|74|0
28T1321|1|1|1|0|274|274|274|0
28T1322|1|1|1|0|295|295|295|0
28T1323|1|1|1|0|387|387|387|0
28T1324|3|3|3|0|259|259|259|0
28T1325|3|3|3|0|287|287|287|0
28T1326|2|2|2|0|189|189|189|0
28T1327|2|2|2|0|194|194|194|0
28T1328|2|2|2|0|309|309|309|0
28T1329|2|2|2|0|304|304|304|0
28T1330|3|3|3|0|276|276|276|0
28T1331|3|3|3|0|313|313|313|0
28T1332|1|1|1|0|136|136|136|0
28T1333|1|1|1|0|136|136|136|0
28T1334|1|1|1|0|303|303|303|0
28T1335|1|1|1|0|181|181|181|0
28T1336|1|1|1|0|309|309|309|0
28T1337|1|1|1|0|309|309|309|0
28T1338|1|1|1|0|141|141|141|0
28T1339|1|1|1|0|136|136|136|0
28T1340|1|1|1|0|136|136|136|0
28T1341|1|1|1|0|181|181|181|0
28T1342|1|1|1|0|223|223|223|0
28T1343|1|1|1|0|303|303|303|0
28T1344|1|1|1|0|136|136|136|0
28T1345|1|1|1|0|136|136|136|0
28T1346|1|1|1|0|304|304|304|0
28T1347|2|2|2|0|387|387|387|0
28T1348|1|1|1|0|330|330|330|0
28T1349|1|1|1|0|309|309|309|0
28T1350|1|1|1|0|313|313|313|0
28T1351|1|1|1|0|194|194|194|0
28T1352|1|1|1|0|313|397|397|1
28T1353|1|1|1|0|194|194|194|0
28T1354|1|1|1|0|276|276|276|0
28T1355|1|1|1|0|189|189|189|0
28T1356|1|1|1|0|436|436|436|0
28T1357|1|1|1|0|230|230|230|0
28T1358|1|1|1|0|313|397|397|1
28T1359|1|1|1|0|194|194|194|0
28T1360|3|3|3|0|795|795|795|0
28T1361|2|2|2|0|295|295|295|0
28T1362|1|1|1|0|249|249|249|0
28T1363|1|1|1|0|94|94|94|0
28T1364|1|1|1|0|149|209|209|1
28T1365|1|1|1|0|99|189|189|1
28T1366|\N|\N|\N|\N|138|224|138|2
28T1367|\N|\N|\N|\N|112|192|112|2
28T1368|1|2|2|1|165|233|233|1
28T1369|1|2|2|1|140|206|206|1
28T1370|1|1|1|0|36|36|36|0
28T1371|1|2|2|1|61|69|69|1
28T1372|\N|\N|\N|\N|90|144|90|2
28T1373|1|2|2|1|101|148|148|1
28T1374|\N|\N|\N|\N|122|184|122|2
28T1375|1|2|2|1|142|209|209|1
28T1376|1|1|1|0|371|371|371|0
28T1377|1|1|1|0|399|399|399|0
28T1378|4|4|4|0|361|361|361|0
28T1379|4|4|4|0|361|361|361|0
28T1380|4|4|4|0|379|379|379|0
28T1381|4|4|4|0|379|379|379|0
28T1382|1|1|1|0|87|120|120|1
28T1383|2|2|2|0|65|65|65|0
28T1384|1|1|1|0|65|65|65|0
28T1385|4|4|4|0|2793|2793|2793|0
28T1386|1|1|1|0|193|193|193|0
28T1387|1|1|1|0|102|102|102|0
28T1388|3|3|3|0|125|140|140|1
28T1389|3|3|3|0|102|123|113|3
28T1390|3|3|3|0|91|112|93|3
28T1391|3|3|3|0|109|116|116|1
28T1392|3|3|3|0|105|130|130|1
28T1393|3|3|3|0|89|125|89|2
28T1394|3|3|3|0|95|123|123|1
28T1395|3|3|3|0|84|120|84|2
28T1396|1|1|1|0|136|217|136|2
28T1397|1|1|1|0|181|257|257|1
28T1398|1|1|1|0|132|219|132|2
28T1399|1|1|1|0|161|240|240|1
28T1400|1|1|1|0|65|73|73|1
28T1401|1|1|1|0|81|81|81|0
28T1402|1|1|1|0|64|64|64|0
28T1403|1|1|1|0|80|82|82|1
28T1404|1|1|1|0|37|37|37|0
28T1405|1|1|1|0|46|46|46|0
28T1406|1|1|1|0|189|315|315|1
28T1407|1|1|1|0|185|199|199|1
28T1408|2|2|2|0|119|121|119|2
28T1409|2|2|2|0|119|121|119|2
28T1410|2|2|2|0|111|121|121|1
28T1411|2|2|2|0|111|121|121|1
28T1412|2|2|2|0|123|152|152|1
28T1413|2|2|2|0|119|153|153|1
28T1414|2|2|2|0|141|163|163|1
28T1415|2|2|2|0|129|129|129|0
28T1416|2|2|2|0|120|120|120|0
28T1417|2|2|2|0|149|149|149|0
28T1418|1|1|1|0|107|107|107|0
28T1419|1|1|1|0|107|107|107|0
28T1420|1|1|1|0|107|107|107|0
28T1421|1|1|1|0|107|107|107|0
28T1422|1|1|1|0|101|105|105|1
28T1423|1|1|1|0|101|105|105|1
28T1424|1|1|1|0|101|105|105|1
28T1425|1|1|1|0|101|105|105|1
28T1426|1|1|1|0|486|486|486|0
28T1427|1|1|1|0|366|366|366|0
28T1428|1|1|1|0|604|604|604|0
28T1429|1|1|1|0|512|512|512|0
28T1430|1|1|1|0|243|243|243|0
28T1431|1|1|1|0|243|243|243|0
28T1432|1|1|1|0|243|243|243|0
28T1433|1|1|1|0|367|367|367|0
28T1434|2|2|2|0|604|604|604|0
28T1435|1|1|1|0|604|604|604|0
28T1436|1|1|1|0|512|795|795|1
28T1437|1|1|1|0|366|366|366|0
28T1438|2|2|2|0|366|366|366|0
28T1439|2|2|2|0|512|512|512|0
28T1440|1|2|2|1|216|324|324|1
28T1441|1|2|2|1|128|195|195|1
28T1442|1|2|2|1|159|252|252|1
28T1443|1|2|2|1|129|192|192|1
28T1444|2|2|2|0|54|54|54|0
28T1445|2|2|2|0|52|52|52|0
28T1446|\N|\N|\N|\N|196|345|196|2
28T1447|\N|\N|\N|\N|192|343|192|2
28T1448|\N|\N|\N|\N|258|369|369|1
28T1449|\N|\N|\N|\N|220|361|348|3
28T1450|1|1|1|0|705|705|705|0
28T1451|2|2|2|0|175|241|241|1
28T1452|2|2|2|0|164|241|164|2
28T1453|1|1|1|0|81|116|81|2
28T1454|1|1|1|0|81|116|81|2
28T1455|1|1|1|0|97|120|120|1
28T1456|1|1|1|0|97|120|120|1
28T1457|1|1|1|0|121|131|121|2
28T1458|1|1|1|0|131|131|131|0
28T1459|2|2|2|0|121|131|121|2
28T1460|2|2|2|0|131|131|131|0
28T1461|1|1|1|0|5587|5587|5587|0
28T1462|4|4|4|0|1741|1741|1741|0
28T1463|4|4|4|0|1678|1678|1678|0
28T1464|4|4|4|0|1741|1741|1741|0
28T1465|4|4|4|0|1741|1741|1741|0
28T1466|5|5|5|0|5587|5587|5587|0
28T1467|4|4|4|0|5585|5585|5585|0
28T1468|1|1|1|0|281|281|281|0
28T1469|1|1|1|0|171|215|215|1
28T1470|1|1|1|0|156|222|222|1
28T1471|1|1|1|0|81|81|81|0
28T1472|1|1|1|0|82|82|82|0
28T1473|1|1|1|0|119|125|125|1
28T1474|1|1|1|0|69|69|69|0
28T1475|1|1|1|0|203|219|203|2
28T1476|1|1|1|0|199|231|227|3
28T1477|1|1|1|0|229|293|293|1
28T1478|1|1|1|0|233|233|233|0
28T1479|2|2|2|0|197|209|197|2
28T1480|2|2|2|0|197|209|197|2
28T1481|2|2|2|0|215|215|215|0
28T1482|2|2|2|0|215|215|215|0
28T1483|2|2|2|0|188|199|199|1
28T1484|2|2|2|0|188|199|199|1
28T1485|2|2|2|0|203|211|211|1
28T1486|2|2|2|0|203|211|211|1
28T1487|3|3|3|0|167|167|167|0
28T1488|1|1|1|0|107|107|107|0
28T1489|2|2|2|0|176|176|176|0
28T1490|2|2|2|0|279|279|279|0
28T1491|2|2|2|0|985|985|985|0
28T1492|1|1|1|0|176|176|176|0
28T1493|1|1|1|0|187|187|187|0
28T1494|1|1|1|0|279|279|279|0
28T1495|1|1|1|0|231|231|231|0
28T1496|2|2|2|0|77|77|77|0
28T1497|2|2|2|0|66|66|66|0
28T1498|1|2|2|1|230|344|344|1
28T1499|\N|\N|\N|\N|198|328|205|3
28T1500|1|2|2|1|217|331|331|1
28T1501|\N|\N|\N|\N|206|339|206|2
28T1502|1|1|1|0|80|80|80|0
28T1503|1|1|1|0|79|79|79|0
28T1504|1|1|1|0|348|643|348|2
28T1505|1|1|1|0|400|664|664|1
28T1506|1|1|1|0|313|467|467|1
28T1507|2|2|2|0|163|233|163|2
28T1508|2|2|2|0|163|233|163|2
28T1509|2|2|2|0|177|241|177|2
28T1510|2|2|2|0|171|233|233|1
28T1511|2|2|2|0|195|241|241|1
28T1512|1|1|1|0|149|209|209|1
28T1513|1|1|1|0|149|209|209|1
28T1514|1|1|1|0|149|209|209|1
28T1515|1|1|1|0|149|209|209|1
28T1516|1|1|1|0|232|252|\N|\N
28T1517|1|1|1|0|232|252|252|1
28T1518|1|1|1|0|3293|3293|3293|0
28T1519|1|1|1|0|3359|3359|3359|0
28T1520|1|1|1|0|11169|11169|11169|0
28T1521|5|5|5|0|3359|3359|3359|0
28T1522|4|4|4|0|3294|3294|3294|0
28T1523|5|5|5|0|3293|3293|3293|0
28T1524|4|4|4|0|3355|3355|3355|0
28T1525|1|1|1|0|259|259|259|0
28T1526|1|1|1|0|163|163|163|0
28T1527|1|1|1|0|89|89|89|0
28T1528|1|1|1|0|79|79|79|0
28T1529|1|1|1|0|122|122|122|0
28T1530|1|1|1|0|372|391|391|1
28T1531|1|1|1|0|362|387|387|1
28T1532|1|1|1|0|152|152|152|0
28T1533|1|1|1|0|151|151|151|0
28T1534|1|1|1|0|215|215|215|0
28T1535|1|1|1|0|151|167|167|1
28T1536|2|2|2|0|151|151|151|0
28T1537|1|1|1|0|147|161|161|1
28T1538|3|3|3|0|309|309|309|0
28T1539|1|1|1|0|197|197|197|0
28T1540|1|1|1|0|147|161|161|1
28T1541|2|2|2|0|197|197|197|0
28T1542|2|2|2|0|152|152|152|0
28T1543|4|4|4|0|309|309|309|0
28T1544|1|1|1|0|151|167|167|1
28T1545|1|1|1|0|335|335|335|0
28T1546|1|1|1|0|340|340|340|0
28T1547|1|1|1|0|547|547|547|0
28T1548|1|1|1|0|1971|1971|1971|0
28T1549|2|2|2|0|631|631|631|0
28T1550|2|2|2|0|605|605|605|0
28T1551|2|2|2|0|631|631|631|0
28T1552|2|2|2|0|631|631|631|0
28T1553|2|2|2|0|329|329|329|0
28T1554|2|2|2|0|324|324|324|0
28T1555|2|2|2|0|407|407|407|0
28T1556|2|2|2|0|389|389|389|0
28T1557|3|3|3|0|1971|1971|1971|0
28T1558|2|2|2|0|1968|1968|1968|0
28T1559|1|1|1|0|407|407|407|0
28T1560|1|1|1|0|407|407|407|0
28T1561|1|1|1|0|329|329|329|0
28T1562|1|1|1|0|329|329|329|0
28T1563|1|1|1|0|324|324|324|0
28T1564|2|2|2|0|340|340|340|0
28T1565|1|1|1|0|356|356|356|0
28T1566|1|1|1|0|329|329|329|0
28T1567|1|1|1|0|433|433|433|0
28T1568|1|1|1|0|407|407|407|0
28T1569|1|1|1|0|389|389|389|0
28T1570|2|2|2|0|547|547|547|0
28T1571|1|1|1|0|120|120|120|0
28T1572|1|1|1|0|376|629|629|1
28T1573|2|2|2|0|81|89|81|2
28T1574|2|2|2|0|89|89|89|0
28T1575|2|2|2|0|70|70|70|0
28T1576|2|2|2|0|80|80|80|0
28T1577|1|1|1|0|299|451|299|2
28T1578|1|1|1|0|331|459|459|1
28T1579|2|2|2|0|284|419|284|2
28T1580|2|2|2|0|284|419|284|2
28T1581|2|2|2|0|299|419|419|1
28T1582|2|2|2|0|299|419|419|1
28T1583|1|1|1|0|6524|6524|6524|0
28T1584|1|1|1|0|76|76|76|0
28T1585|1|1|1|0|146|146|146|0
28T1586|1|1|1|0|165|165|165|0
28T1587|1|1|1|0|151|151|151|0
28T1588|1|1|1|0|201|201|201|0
28T1589|3|3|3|0|305|305|305|0
28T1590|3|3|3|0|260|260|260|0
28T1591|3|3|3|0|260|260|260|0
28T1592|3|3|3|0|303|303|303|0
28T1593|1|1|1|0|283|283|283|0
28T1594|1|1|1|0|283|283|283|0
28T1595|1|1|1|0|303|335|335|1
28T1596|1|1|1|0|303|303|303|0
28T1597|1|1|1|0|260|260|260|0
28T1598|1|1|1|0|357|357|357|0
28T1599|1|1|1|0|295|323|323|1
28T1600|1|1|1|0|295|323|323|1
28T1601|1|1|1|0|395|395|395|0
28T1602|1|1|1|0|305|305|305|0
28T1603|1|1|1|0|260|260|260|0
28T1604|1|1|1|0|383|383|383|0
28T1605|1|1|1|0|303|335|335|1
28T1606|3|3|3|0|671|671|671|0
28T1607|2|2|2|0|283|283|283|0
28T1608|3|3|3|0|283|283|283|0
28T1609|1|1|1|0|283|309|309|1
28T1610|2|2|2|0|283|309|309|1
28T1611|1|1|1|0|283|309|309|1
28T1612|2|2|2|0|283|309|309|1
28T1613|1|1|1|0|619|619|619|0
28T1614|1|1|1|0|619|619|619|0
28T1615|1|1|1|0|1184|1184|1184|0
28T1616|1|1|1|0|1215|1215|1215|0
28T1617|1|1|1|0|635|635|635|0
28T1618|1|1|1|0|753|753|753|0
28T1619|1|1|1|0|3934|3934|3934|0
28T1620|3|3|3|0|1215|1215|1215|0
28T1621|2|2|2|0|1186|1186|1186|0
28T1622|3|3|3|0|1184|1184|1184|0
28T1623|2|2|2|0|1208|1208|1208|0
28T1624|2|2|2|0|753|753|753|0
28T1625|1|1|1|0|753|753|753|0
28T1626|2|2|2|0|635|635|635|0
28T1627|1|1|1|0|635|635|635|0
28T1628|2|2|2|0|154|170|170|1
28T1629|3|3|3|0|141|141|141|0
28T1630|3|3|3|0|141|141|141|0
28T1631|3|3|3|0|145|145|145|0
28T1632|2|2|2|0|138|138|138|0
28T1633|3|3|3|0|161|161|161|0
28T1634|2|2|2|0|134|134|134|0
28T1635|2|2|2|0|134|134|134|0
28T1636|3|3|3|0|134|134|134|0
28T1637|1|1|1|0|549|819|819|1
28T1638|2|2|2|0|139|139|139|0
28T1639|1|1|1|0|112|112|112|0
28T1640|1|1|1|0|112|112|112|0
28T1641|1|1|1|0|281|281|281|0
28T1642|1|1|1|0|473|473|473|0
28T1643|1|1|1|0|471|471|471|0
28T1644|3|3|3|0|481|481|481|0
28T1645|3|3|3|0|444|444|444|0
28T1646|3|3|3|0|567|567|567|0
28T1647|3|3|3|0|446|446|446|0
28T1648|1|1|1|0|444|444|444|0
28T1649|1|1|1|0|444|619|\N|\N
28T1650|1|1|1|0|567|567|567|0
28T1651|1|1|1|0|567|619|619|1
28T1652|2|2|2|0|471|471|471|0
28T1653|1|1|1|0|471|671|671|1
28T1654|1|1|1|0|444|619|\N|\N
28T1655|1|1|1|0|705|705|705|0
28T1656|1|1|1|0|567|619|619|1
28T1657|1|1|1|0|457|647|647|1
28T1658|1|1|1|0|446|446|446|0
28T1659|3|3|3|0|1239|1239|1239|0
28T1660|1|1|1|0|481|481|481|0
28T1661|2|2|2|0|473|473|473|0
28T1662|1|1|1|0|406|406|406|0
28T1663|1|1|1|0|2344|2344|2344|0
28T1664|2|2|2|0|607|607|607|0
28T1665|3|3|3|0|255|255|255|0
28T1666|3|3|3|0|275|275|275|0
28T1667|1|1|1|0|254|254|254|0
28T1668|3|3|3|0|254|254|254|0
28T1669|1|1|1|0|269|269|269|0
28T1670|3|3|3|0|269|269|269|0
28T1671|1|1|1|0|244|244|244|0
28T1672|2|2|2|0|209|209|209|0
28T1673|1|1|1|0|877|877|877|0
28T1674|2|2|2|0|877|877|877|0
28T1675|1|1|1|0|877|1239|1239|1
28T1676|1|1|1|0|329|437|437|1
28T1677|1|1|1|0|312|460|460|1
28T1678|1|1|1|0|426|785|785|1
28T1679|1|1|1|0|1183|1183|1183|0
28T1680|3|3|3|0|1183|1183|1183|0
28T1681|2|2|2|0|\N|\N|\N|\N
28T1682|1|1|1|0|\N|\N|\N|\N
28T1683|1|1|1|0|\N|\N|\N|\N
28T1684|1|1|1|0|\N|\N|\N|\N
28T1685|1|1|1|0|\N|\N|\N|\N
28T1686|1|1|1|0|\N|\N|\N|\N
28T1687|2|2|2|0|\N|\N|\N|\N
28T1688|1|1|1|0|\N|\N|\N|\N
28T1689|1|1|1|0|\N|\N|\N|\N
28T1690|1|1|1|0|\N|\N|\N|\N
28T1691|1|1|1|0|\N|\N|\N|\N
28T1692|2|2|2|0|\N|\N|\N|\N
28T1693|2|2|2|0|\N|\N|\N|\N
28T1694|1|1|1|0|\N|\N|\N|\N
28T1695|\N|\N|\N|\N|\N|\N|\N|\N
28T1696|2|2|2|0|\N|\N|\N|\N
28T1697|1|1|1|0|\N|\N|\N|\N
28T1698|1|1|1|0|\N|\N|\N|\N
28T1699|1|1|1|0|\N|\N|\N|\N
28T1700|\N|\N|\N|\N|\N|\N|\N|\N
28T1701|1|1|1|0|\N|\N|\N|\N
28T1702|2|2|2|0|\N|\N|\N|\N
28T1703|1|1|1|0|\N|\N|\N|\N
28T1704|\N|\N|\N|\N|\N|\N|\N|\N
28T1705|1|1|1|0|\N|\N|\N|\N
28T1706|2|2|2|0|\N|\N|\N|\N
28T1707|\N|\N|\N|\N|\N|\N|\N|\N
28T1708|2|2|2|0|\N|\N|\N|\N
28T1709|\N|\N|\N|\N|\N|\N|\N|\N
28T1710|1|1|1|0|\N|\N|\N|\N
28T1711|2|2|2|0|\N|\N|\N|\N
28T1712|1|1|1|0|\N|\N|\N|\N
28T1713|2|2|2|0|\N|\N|\N|\N
28T1714|2|2|2|0|\N|\N|\N|\N
28T1715|2|2|2|0|\N|\N|\N|\N
28T1716|2|2|2|0|\N|\N|\N|\N
28T1717|2|2|2|0|\N|\N|\N|\N
28T1718|3|3|3|0|\N|\N|\N|\N
28T1719|\N|\N|\N|\N|\N|\N|\N|\N
28T1720|1|1|1|0|\N|\N|\N|\N
28T1721|1|1|1|0|\N|\N|\N|\N
28T1722|2|2|2|0|\N|\N|\N|\N
28T1723|1|1|1|0|\N|\N|\N|\N
28T1724|1|1|1|0|\N|\N|\N|\N
28T1725|1|1|1|0|\N|\N|\N|\N
28T1726|1|1|1|0|\N|\N|\N|\N
28T1727|3|3|3|0|\N|\N|\N|\N
28T1728|2|2|2|0|\N|\N|\N|\N
28T1729|3|3|3|0|\N|\N|\N|\N
28T1730|2|2|2|0|\N|\N|\N|\N
28T1731|2|2|2|0|\N|\N|\N|\N
28T1732|2|2|2|0|\N|\N|\N|\N
28T1733|2|2|2|0|\N|\N|\N|\N
28T1734|1|1|1|0|\N|\N|\N|\N
28T1735|1|1|1|0|\N|\N|\N|\N
28T1736|1|1|1|0|\N|\N|\N|\N
28T1737|2|2|2|0|\N|\N|\N|\N
28T1738|\N|\N|\N|\N|\N|\N|\N|\N
28T1739|2|2|2|0|\N|\N|\N|\N
28T1740|5|5|5|0|\N|\N|\N|\N
28T1741|1|1|1|0|217|217|217|0
28T1742|1|1|1|0|191|191|191|0
28T1743|1|1|1|0|11169|11169|11169|0
28T1744|5|5|5|0|3293|3293|3293|0
28T1745|5|5|5|0|3294|3294|3294|0
28T1746|3|3|3|0|1969|1969|1969|0
28T1747|2|2|2|0|433|433|433|0
28T1748|2|2|2|0|350|350|350|0
28T1749|1|1|1|0|496|496|496|0
28T1750|1|1|1|0|262|262|262|0
28T1751|1|1|1|0|343|343|343|0
28T1752|1|1|1|0|264|264|264|0
28T1753|1|1|1|0|6524|6524|6524|0
28T1754|2|2|2|0|137|137|137|0
28T1755|2|2|2|0|134|134|134|0
28T1756|2|2|2|0|386|386|386|0
28T1757|1|1|1|0|3934|3934|3934|0
28T1758|3|3|3|0|1184|1184|1184|0
28T1759|3|3|3|0|1190|1190|1190|0
28T1760|2|2|2|0|635|635|635|0
28T1761|2|2|2|0|\N|\N|\N|\N
28T1762|2|2|2|0|\N|\N|\N|\N
28T1763|2|2|2|0|\N|\N|\N|\N
28T1764|1|1|1|0|\N|\N|\N|\N
28T1765|1|1|1|0|\N|\N|\N|\N
28T1766|1|1|1|0|\N|\N|\N|\N
28T1767|1|1|1|0|\N|\N|\N|\N
28T1768|1|1|1|0|\N|\N|\N|\N
28T1769|1|1|1|0|\N|\N|\N|\N
28T1770|\N|\N|\N|\N|\N|\N|\N|\N
28T1771|2|2|2|0|\N|\N|\N|\N
28T1772|\N|\N|\N|\N|\N|\N|\N|\N
28T1773|1|1|1|0|\N|\N|\N|\N
28T1774|1|1|1|0|\N|\N|\N|\N
28T1775|2|2|2|0|\N|\N|\N|\N
28T1776|2|2|2|0|\N|\N|\N|\N
28T1777|2|2|2|0|\N|\N|\N|\N
28T1778|2|2|2|0|\N|\N|\N|\N
28T1779|2|2|2|0|\N|\N|\N|\N
28T1780|1|1|1|0|\N|\N|\N|\N
28T1781|2|2|2|0|\N|\N|\N|\N
28T1782|1|1|1|0|\N|\N|\N|\N
28T1783|1|1|1|0|\N|\N|\N|\N
28T1784|\N|\N|\N|\N|\N|\N|\N|\N
28T1785|3|3|3|0|\N|\N|\N|\N
28T1786|1|1|1|0|\N|\N|\N|\N
28T1787|1|1|1|0|\N|\N|\N|\N
28T1788|3|3|3|0|\N|\N|\N|\N
28T1789|2|2|2|0|\N|\N|\N|\N
28T1790|3|3|3|0|\N|\N|\N|\N
28T1791|2|2|2|0|\N|\N|\N|\N
28T1792|1|1|1|0|\N|\N|\N|\N
28T1793|1|1|1|0|\N|\N|\N|\N
28T1794|3|3|3|0|\N|\N|\N|\N
28T1795|1|1|1|0|\N|\N|\N|\N
28T1796|3|3|3|0|\N|\N|\N|\N
28T1797|3|3|3|0|\N|\N|\N|\N
28T1798|1|1|1|0|\N|\N|\N|\N
28T1799|2|2|2|0|\N|\N|\N|\N
28T1800|2|2|2|0|\N|\N|\N|\N
28T1801|2|2|2|0|\N|\N|\N|\N
28T1802|2|2|2|0|\N|\N|\N|\N
28T1803|2|2|2|0|\N|\N|\N|\N
28T1804|2|2|2|0|\N|\N|\N|\N
28T1805|2|2|2|0|\N|\N|\N|\N
28T1806|2|2|2|0|\N|\N|\N|\N
28T1807|2|2|2|0|\N|\N|\N|\N
28T1808|2|2|2|0|\N|\N|\N|\N
28T1809|1|1|1|0|\N|\N|\N|\N
28T1810|2|2|2|0|\N|\N|\N|\N
28T1811|3|3|3|0|\N|\N|\N|\N
28T1812|3|3|3|0|\N|\N|\N|\N
28T1813|3|3|3|0|\N|\N|\N|\N
28T1814|3|3|3|0|\N|\N|\N|\N
28T1815|2|2|2|0|\N|\N|\N|\N
28T1816|2|2|2|0|\N|\N|\N|\N
28T1817|2|2|2|0|\N|\N|\N|\N
28T1818|2|2|2|0|\N|\N|\N|\N
28T1819|1|1|1|0|\N|\N|\N|\N
28T1820|2|2|2|0|\N|\N|\N|\N
28T1821|1|1|1|0|\N|\N|\N|\N
28T1822|2|2|2|0|\N|\N|\N|\N
28T1823|2|2|2|0|\N|\N|\N|\N
28T1824|2|2|2|0|\N|\N|\N|\N
28T1825|2|2|2|0|\N|\N|\N|\N
28T1826|3|3|3|0|\N|\N|\N|\N
28T1827|3|3|3|0|\N|\N|\N|\N
28T1828|3|3|3|0|\N|\N|\N|\N
28T1829|3|3|3|0|\N|\N|\N|\N
28T1830|4|4|4|0|\N|\N|\N|\N
28T1831|4|4|4|0|\N|\N|\N|\N
28T1832|\N|\N|\N|\N|\N|\N|\N|\N
28T1833|5|5|5|0|\N|\N|\N|\N
28T1834|1|1|1|0|\N|\N|\N|\N
28T1835|2|2|2|0|\N|\N|\N|\N
28T1836|2|2|2|0|\N|\N|\N|\N
28T1837|\N|\N|\N|\N|\N|\N|\N|\N
28T1838|4|4|4|0|\N|\N|\N|\N
28T1839|\N|\N|\N|\N|\N|\N|\N|\N
28T1840|4|4|4|0|\N|\N|\N|\N
28T1841|1|1|1|0|\N|\N|\N|\N
28T1842|1|1|1|0|\N|\N|\N|\N
28T1843|3|3|3|0|\N|\N|\N|\N
28T1844|1|1|1|0|\N|\N|\N|\N
28T1845|3|3|3|0|\N|\N|\N|\N
28T1846|3|3|3|0|\N|\N|\N|\N
28T1847|1|1|1|0|\N|\N|\N|\N
28T1848|1|1|1|0|\N|\N|\N|\N
28T1849|2|2|2|0|\N|\N|\N|\N
28T1850|3|3|3|0|\N|\N|\N|\N
28T1851|\N|\N|\N|\N|\N|\N|\N|\N
28T1852|1|1|1|0|\N|\N|\N|\N
28T1853|2|2|2|0|\N|\N|\N|\N
28T1854|1|1|1|0|\N|\N|\N|\N
