label|b_witness|exact|b_M|b_T|survivors|source|poly
6T5|2|1|1|2|1|constructed|[4,0,0,-2,0,0,1]
20T105|3|1|2|3|1|PARI-bnrclassfield-Q(sqrt5)-m145|[1711,9889,19169,19024,28871,\
3012,27841,-8493,18077,-7367,6096,-1822,861,-154,49,-4,1]
20T111|3|1|2|3|1|PARI-bnrclassfield-Q(sqrt5)-m145|[1711,9889,19169,19024,28871,\
3012,27841,-8493,18077,-7367,6096,-1822,861,-154,49,-4,1]
20T390|2|1|1|2|1|PARI-bnrclassfield-Q(sqrt5)-m145|[1711,9889,19169,19024,28871,\
3012,27841,-8493,18077,-7367,6096,-1822,861,-154,49,-4,1]
20T386|3|1|2|3|1|PARI-bnrclassfield-Q(sqrt5)-m40|[76,-256,784,-1616,2716,-3688,\
3976,-3408,2162,-832,56,128,-74,16,4,-4,1]
20T396|2|1|1|2|1|PARI-bnrclassfield-Q(sqrt-5)-m40|[15625,0,-37500,0,40500,0,-23\
000,0,8075,0,-1800,0,260,0,-20,0,1]
20T397|2|1|1|2|1|PARI-bnrclassfield-Q(sqrt5)-m3280|[111045689000000,-1717367840\
00000,95714448000000,-18991071640000,-1939992521000,1253116572000,-76821581400,\
-26955558320,3083021051,283142072,-42555092,-1642576,281220,5424,-872,-8,1]
30T1417|2|1|1|2|1|PARI-bnrclassfield-Q(sqrt5)-m145|[1711,9889,19169,19024,28871\
,3012,27841,-8493,18077,-7367,6096,-1822,861,-154,49,-4,1]
30T1418|2|1|1|2|1|PARI-bnrclassfield-Q(sqrt5)-m145|[1711,9889,19169,19024,28871\
,3012,27841,-8493,18077,-7367,6096,-1822,861,-154,49,-4,1]
30T2277|2|1|1|2|1|PARI-bnrclassfield-Q(sqrt5)-m145|[1711,9889,19169,19024,28871\
,3012,27841,-8493,18077,-7367,6096,-1822,861,-154,49,-4,1]
30T2278|2|1|1|2|1|PARI-bnrclassfield-Q(sqrt5)-m145|[1711,9889,19169,19024,28871\
,3012,27841,-8493,18077,-7367,6096,-1822,861,-154,49,-4,1]
30T3733|4|1|3|4|1|PARI-bnrclassfield-Q(sqrt5)-m145|[1711,9889,19169,19024,28871\
,3012,27841,-8493,18077,-7367,6096,-1822,861,-154,49,-4,1]
30T3743|4|1|3|4|1|PARI-bnrclassfield-Q(sqrt5)-m145|[1711,9889,19169,19024,28871\
,3012,27841,-8493,18077,-7367,6096,-1822,861,-154,49,-4,1]
20T479|4|1|3|4|2|PARI-bnrclassfield-Q(zeta5)-m20|[1,-8,22,-2,-120,200,262,-1246\
,1007,2168,-5546,2874,6346,-12346,5952,8270,-15667,8270,5952,-12346,6346,2874,-\
5546,2168,1007,-1246,262,200,-120,-2,22,-8,1]
20T508|3|1|2|3|1|PARI-bnrclassfield-Q(sqrt5,i)-m40|[271361,-870696,2318176,-461\
2872,8551380,-13387480,17840016,-21922440,23341812,-21782008,17290080,-10944088\
,5735364,-1549224,-979632,970600,-53242,-294200,-20192,246760,-155316,56184,-18\
064,232,4116,-3432,2208,-1224,540,-184,48,-8,1]
30T2563|2|1|1|2|1|PARI-bnrclassfield-Q(sqrt5,i)-m40|[271361,-870696,2318176,-46\
12872,8551380,-13387480,17840016,-21922440,23341812,-21782008,17290080,-1094408\
8,5735364,-1549224,-979632,970600,-53242,-294200,-20192,246760,-155316,56184,-1\
8064,232,4116,-3432,2208,-1224,540,-184,48,-8,1]
34T20|3|1|2|3|1|PARI-bnrclassfield-Q(sqrt17)-m4539|[173708132978521123,-1862909\
3610278842,6348580010035453,-878534630827522,145011574828215,-14181376602130,20\
72169910951,-153169503963,15567055987,-1261782801,74625020,-5665656,301784,-104\
75,842,-3,1]
26T34|3|0|2|7|2|PARI-Q8/Q(sqrt13)-m221-times-cubic-of-Q(zeta13)|[3251,-5216,-13\
17115,9874648,1824351,-80762123,-38515465,153960992,116421234,-89493850,-920508\
25,21547604,34484035,-1684592,-7333212,-198969,953584,50324,-77260,-3874,3773,1\
21,-99,-1,1]
34T34|3|0|2|9|4|PARI-bnrclassfield-Q(i)-m17-cyclic16|[1,0,18,0,35,0,358,0,14315\
,0,62901,0,52752,0,15335,0,12751,0,12156,0,3775,0,-764,0,-475,0,137,0,103,0,18,\
0,1]
34T33|3|1|2|3|1|PARI-bnrclassfield-Q(sqrt2)-m136-cyclic16|[374544,0,-209411712,\
0,26477190464,0,-187114710016,0,453898967896,0,-508483431360,0,324865801680,0,-\
131986115040,0,36176949705,0,-6908776200,0,933155160,0,-89288760,0,5983014,0,-2\
72952,0,8024,0,-136,0,1]
